0.000000000000000000e+00 4.782566830480932119e-01 2.274923814876796069e+00 7.869922421621683428e-01 1.129546522465331160e+00 1.739915449997492258e+00 2.442113897658843680e+00 6.381925087608036895e-01 1.618965512620875957e+00 2.787131806434159920e+00 1.349708213721559469e+00 1.329772181675687559e+00 1.108659259749351422e+00 1.551310277624502909e+00 1.151477152065664589e+00 4.600000347841434190e-01 1.350048820163332719e+00 9.122572463888285466e-01 1.018027488126544977e+00 7.725059905662414739e-01 6.769620150522760449e-01 2.847342356440463629e+00 4.040851608868673561e-01 2.239149367053475115e-01 7.853349335093717798e-01 1.847251129762626398e+00 1.100772472822760362e+00 9.842524384625596090e-01 6.795880400848640646e-01 2.367578949982900749e+00 3.217184236859877977e-01 2.093160783626993648e+00 3.138133085102042252e-01 1.812326280485876184e+00 1.396708014900671202e+00 2.701567772015490032e+00 6.320201038479589251e-01 6.824767352778208229e-01 3.384670972329678618e-01 5.985303151186120996e-01 5.998932491654541677e-01 7.231526452019744200e-01 1.831062286610912526e+00 6.901681896261941951e-01 4.276411308293243674e-01 2.268614592640420202e+00 1.796940954907177979e+00 1.007896383325136203e+00 1.152041590983836628e+00 1.324853405549721197e+00 1.621926671542848197e+00 1.101383828514789665e+00 1.602125389152309509e+00 1.720769592362838107e+00 1.396925742137884674e+00 1.233047665423478989e+00 1.114739291807055110e+00 1.499733665547968053e+00 8.391334215797382479e-01 2.158553942452668295e+00 1.070400096852294425e+00 4.265251887924010332e-01 2.249670680472488637e+00 1.236153944669557525e+00 1.405440004419548916e-01 1.465168111897261927e+00 1.742032944388049565e+00 5.324312816664363845e-01 1.776708152824942877e+00 1.404060931939642709e-01 1.202959987137514952e+00 2.991646221175577658e+00 5.199255290957326414e-01 1.362159884740633542e+00 1.178692910192486787e+00 1.009220493399967333e+00 8.805724828463241671e-01 1.173722282863832955e+00 1.654954653877438897e+00 7.315041510862649310e-02 1.447357875953506401e+00 1.985222884296197421e+00 1.377159681920586465e+00 7.986122269207653890e-01 1.996777366271981879e+00 5.686740811437306364e-01 3.481693479117335954e+00 1.122120370067282824e+00 8.984554072342262332e-01 1.346954963939833050e+00 6.990893933259134663e-01 1.210419852823653830e+00 1.696347709211478705e+00 2.264416876833546421e+00 1.334222499865388434e+00 1.454189537632611717e+00 8.248836946449032981e-01 2.463860799051461326e-01 4.582109539276532639e-01 1.067492451169983037e+00
4.782566830480932119e-01 0.000000000000000000e+00 1.936090628772749955e+00 8.546177166467823216e-01 1.552348303663651619e+00 1.918165742369896343e+00 2.907332554652645840e+00 5.254889228849912719e-01 1.141086367486852771e+00 2.887392897950763260e+00 1.803667465327751573e+00 1.420136289356549675e+00 1.370998176307016703e+00 1.670748073318606641e+00 1.628044299645049042e+00 8.314256735122802500e-01 1.382659207966473458e+00 8.570581267038636097e-01 1.494744421598888984e+00 1.249930727019742172e+00 8.524707607051182912e-01 3.324774670498337859e+00 5.771143313444154765e-01 2.951940905406633120e-01 7.421989364641046194e-01 2.150374347708627010e+00 8.202281365302191984e-01 1.345009352637916544e+00 9.952780122339360824e-01 2.173446694186147887e+00 7.999615455767338235e-01 2.179295553616907632e+00 7.660045240634226760e-01 1.686744702944913188e+00 1.321087887452237375e+00 3.179806602568385987e+00 1.090341486005394600e+00 9.046538232885145137e-01 6.029173950884326727e-01 1.060998311787914927e+00 1.048830610839140753e+00 5.439975044096961865e-01 2.179445001559820572e+00 3.781125279038047293e-01 7.437752818239639074e-01 2.412836899825250292e+00 1.888286677862274221e+00 1.478547326962549091e+00 1.557456955299376222e+00 8.466332659183516407e-01 1.979449254079434839e+00 1.579625370175494536e+00 1.796200129350140617e+00 1.514174401375684376e+00 1.844191534914736641e+00 9.655242589158834488e-01 6.550853210091804879e-01 1.959000399258072678e+00 1.277561141164874181e+00 2.623224524398283908e+00 1.224345364715786255e+00 8.802151920608993763e-01 2.258533050245123519e+00 1.502407481470585893e+00 6.000914092845774928e-01 1.808415193351323502e+00 1.993704608423263025e+00 8.426279818566372315e-01 2.081762692881833132e+00 6.082473176545682980e-01 1.179260444795831253e+00 3.113014457072436514e+00 6.667529138024073931e-02 1.361864994089298397e+00 7.517986117078934161e-01 1.114764086673042609e+00 5.470817683395486908e-01 7.011367607402289037e-01 1.868973453813291608e+00 4.121123015050474070e-01 1.910060340392864431e+00 2.365273890652777933e+00 1.714827330820377416e+00 1.217278902643620597e+00 2.121889546279824401e+00 2.376734163843489678e-01 3.777535615422600745e+00 7.698667805398868857e-01 7.755002656271792194e-01 1.253207532234681176e+00 9.460049895878964721e-01 1.216415968212746890e+00 1.535333451678531747e+00 2.165511605731620381e+00 1.392363643261025796e+00 1.736978463798817263e+00 9.616285548404708283e-01 5.876667079209345612e-01 3.509978939375654750e-01 1.227118002537450181e+00
2.274923814876796069e+00 1.936090628772749955e+00 0.000000000000000000e+00 2.768344795756681354e+00 2.811783014738964859e+00 3.834445164306184317e+00 4.182564996513884026e+00 1.660749688969505700e+00 1.534459467862221427e+00 2.452040107847093253e+00 3.146719090093804461e+00 1.757624157293404821e+00 3.306696844369701349e+00 3.563962257839079939e+00 3.287362611276348101e+00 2.275823461684173488e+00 3.233492121091210869e+00 1.525854547132911465e+00 3.164024605743168905e+00 2.875347679094316433e+00 1.944780050303795083e+00 4.863382382485514022e+00 2.510849229065421628e+00 2.196865294533643542e+00 1.610208304811691971e+00 2.759188478794132315e+00 1.176565298334123488e+00 3.250658389497502743e+00 2.915981089930054893e+00 8.183889315887024063e-01 2.530545715493644376e+00 1.973648491235995062e+00 2.397434069791166245e+00 3.313523949601986818e+00 1.286264773285429541e+00 4.663739393278572898e+00 2.881269342326951310e+00 2.027548764592437269e+00 2.089401140264659951e+00 2.842728244742486865e+00 2.861666514704388931e+00 2.378041782081570243e+00 2.954548649042604946e+00 2.164731305507741510e+00 2.164714993563829015e+00 4.300309797778989029e+00 1.870702755290336805e+00 2.993100114616265017e+00 3.426189506977030952e+00 1.518516928882384098e+00 2.852681432309950083e+00 3.189008542021197545e+00 2.182072666926481386e+00 3.024855375474285957e+00 3.141547791133186163e+00 2.522965949583129142e+00 1.396868770330545795e+00 3.306746461961063144e+00 3.102640780161261436e+00 4.325561995706723728e+00 1.906489645345193384e+00 2.691279555384448408e+00 1.713554093765243369e+00 2.281994168714787996e+00 2.414590764958896241e+00 2.689146400752692845e+00 2.476601090403958594e+00 2.173935807970234890e+00 2.722257993394120668e+00 2.336297897859957118e+00 1.466019723887209247e+00 2.699675103166513157e+00 1.953362762575860279e+00 1.497002011260779364e+00 1.999788707637614182e+00 1.788152682315898634e+00 1.405849792860534242e+00 1.451761995645516556e+00 2.281751882985101787e+00 2.243590484316295708e+00 3.289899228229725914e+00 4.260008957692320131e+00 2.613205319532549087e+00 3.072011998418532119e+00 2.090569359129416327e+00 1.735846306586685373e+00 3.979911535160219671e+00 1.169090958748158604e+00 1.456423432865824985e+00 1.256838715036792120e+00 2.077533322691193618e+00 1.533960860817324523e+00 9.481235656316089333e-01 1.236214278377149034e+00 1.663688091715694428e+00 2.443691479856640481e+00 2.889144027284306748e+00 2.478923742174730549e+00 2.276537392508882984e+00 3.152109912578419770e+00
7.869922421621683428e-01 8.546177166467823216e-01 2.768344795756681354e+00 0.000000000000000000e+00 1.756958442852200264e+00 1.067545296912380204e+00 2.850482702107925981e+00 1.317359034318583033e+00 1.660784875906898383e+00 3.573864938762171040e+00 1.874297472694322675e+00 2.111818722316828101e+00 6.129162524692575165e-01 8.171744973160500747e-01 1.431263889022456048e+00 1.217763940858056948e+00 5.652886706291593288e-01 1.637938639223572412e+00 1.323396802220859314e+00 1.223022128717285772e+00 1.462289064258257110e+00 3.024137254950185927e+00 3.829133857121904683e-01 6.819152943217238194e-01 1.511082261232525203e+00 2.582814407286726954e+00 1.674743288131431473e+00 7.629901560458558496e-01 4.702615266298994512e-01 3.024409109936202267e+00 8.922445621324932574e-01 2.877969119950386734e+00 1.014726679356064531e+00 1.064030025153093861e+00 2.124111992684682093e+00 2.936343134425421830e+00 8.919708972827237181e-01 1.469258611533644787e+00 1.124402302930094910e+00 8.952413629917245208e-01 8.294659058909810145e-01 4.234705494895693589e-01 2.528504459441448304e+00 6.231896029523342762e-01 1.209291870342865449e+00 1.558672926153554350e+00 2.581505474108651388e+00 1.488083377744555902e+00 1.034716249115987807e+00 1.438357496344331743e+00 2.316323864072285410e+00 1.455951445837307512e+00 2.384800460580724035e+00 1.051975440851144139e+00 1.940956627692756120e+00 7.395151666908463817e-01 1.399867282235538912e+00 1.990306852517752523e+00 9.290249552514552311e-01 2.217290265883680611e+00 1.857113223564959448e+00 7.719555285574364323e-01 3.019221585751818537e+00 2.004334173343782055e+00 7.389755960605175478e-01 2.179280848251634595e+00 2.507198008985302540e+00 1.310145483975095226e+00 2.512400310332276288e+00 8.736527935840378012e-01 1.950610083234465719e+00 3.778474559320612602e+00 8.234984003197847180e-01 2.121389827143971285e+00 1.040344024231181885e+00 1.790432332458013809e+00 1.401021121901669275e+00 1.387980295432494682e+00 2.433185645715392198e+00 7.504145659185348372e-01 1.925751478146734641e+00 1.699011322281094305e+00 2.099355635769081019e+00 8.243874766712261382e-01 2.783758001744073951e+00 1.086027521378911453e+00 4.202288978859545665e+00 1.615736365778176920e+00 1.587385463676897146e+00 2.064018317297535265e+00 1.483776826344591626e+00 1.969422720473758881e+00 2.375610932367003603e+00 2.987413345073279380e+00 2.110097397235514372e+00 2.210255848575494841e+00 1.471867473195290488e-01 5.677607309686227843e-01 5.036388482669434952e-01 3.871334942252228073e-01
1.129546522465331160e+00 1.552348303663651619e+00 2.811783014738964859e+00 1.756958442852200264e+00 0.000000000000000000e+00 2.353932034398656281e+00 1.416344856123442630e+00 1.326442698507352302e+00 2.650656381985691201e+00 2.227380760557531758e+00 3.357770279998634200e-01 1.168374491891005729e+00 1.710274425442371626e+00 2.297028972087088672e+00 7.583627287441785381e-01 7.244911005639317336e-01 2.242805307532281578e+00 1.307829441463672193e+00 7.187204463791287967e-01 5.858423069654964399e-01 9.067493179119247015e-01 2.056145549552739649e+00 1.431218128874206741e+00 1.352213711038039445e+00 1.258794885084657977e+00 9.218507599235462591e-01 1.754222426365896093e+00 1.399099028284403357e+00 1.373930566311797774e+00 2.555991235443887621e+00 8.804699572611401903e-01 1.675148856367979500e+00 8.163050477256071913e-01 2.818708665893495446e+00 1.567401852022318298e+00 1.852070699876178006e+00 9.259971048583272024e-01 8.185473943564195443e-01 9.663178388809374741e-01 9.043328509784828162e-01 9.793907434344319984e-01 1.836188307449407642e+00 7.963805864018291825e-01 1.819575275903450473e+00 8.268775589964633133e-01 2.877046267200905838e+00 1.442000161791646251e+00 4.017952519987453286e-01 1.324616607916081712e+00 2.349967490733716247e+00 5.909727598455704056e-01 6.257143330433746486e-01 1.045874669466812845e+00 2.791314883212112186e+00 3.337198932943818974e-01 2.347272148772888478e+00 2.071369235454709745e+00 4.951102406840663939e-01 1.050894899658902260e+00 1.638784801574055150e+00 9.299277299311066169e-01 9.872038261335783771e-01 1.986541294929693002e+00 6.575349729406911869e-01 1.082285884678214405e+00 5.109513512327519269e-01 9.797174109805961706e-01 7.502012452481193749e-01 8.588449716481112439e-01 9.906588173595697322e-01 1.360087065004167650e+00 2.362626487416482846e+00 1.609885174350737858e+00 1.389856698252460276e+00 2.295318505030479184e+00 1.028903651962966848e+00 1.688591345270966881e+00 2.165094258215206846e+00 1.024456506769455322e+00 1.201703842686786095e+00 4.806100728703888714e-01 2.004195439581872407e+00 4.743408035630973796e-01 1.131391925126565612e+00 1.503657434804121840e+00 1.513601519553360975e+00 2.468059158123757868e+00 1.882222117302891684e+00 1.409571392680927460e+00 1.574635614364848557e+00 7.629504335920075375e-01 1.302921737091117249e+00 1.944141208824732958e+00 2.250715229209086843e+00 1.245703258979945049e+00 6.987762322099402290e-01 1.715439451594891640e+00 1.233352007718310661e+00 1.581899321905370082e+00 1.856853780232859297e+00
1.739915449997492258e+00 1.918165742369896343e+00 3.834445164306184317e+00 1.067545296912380204e+00 2.353932034398656281e+00 0.000000000000000000e+00 2.996505394399964217e+00 2.345729159872855796e+00 2.626568135071631449e+00 4.447881105285504511e+00 2.320871574924327163e+00 3.041702268608661885e+00 6.654960630947520661e-01 3.124773478912218350e-01 1.718182124277172873e+00 2.068407970268115292e+00 6.799607160613527768e-01 2.647409960354938807e+00 1.683458912803266205e+00 1.771206078644117943e+00 2.392235653687441399e+00 2.830501712171133555e+00 1.378825034684909578e+00 1.708508971435294566e+00 2.519499368218669488e+00 3.270421747366112797e+00 2.735843213650633654e+00 9.548855804733764607e-01 1.087476268107558042e+00 4.074879651075554499e+00 1.683212889684586155e+00 3.782452719070624081e+00 1.848258712940655801e+00 1.141142560750314949e+00 3.134509877458548033e+00 2.831931640122274718e+00 1.453426844078256730e+00 2.373494385995317923e+00 2.063976616667582586e+00 1.485123720057983654e+00 1.413715131399558622e+00 1.463300817646394414e+00 3.144713288507154925e+00 1.675026721640696881e+00 2.104601838939296421e+00 5.379386626063873411e-01 3.491690952159897776e+00 1.975149568788512777e+00 1.081215177527806048e+00 2.449331961196570262e+00 2.944065205278917574e+00 1.816820920395548766e+00 3.220214021688132977e+00 1.401105573200984722e+00 2.399801305603696200e+00 1.520034604589813432e+00 2.454857874716191546e+00 2.371991419829107883e+00 1.303120809178586859e+00 1.986829130582523861e+00 2.762855290501883498e+00 1.491601529737382137e+00 3.975526305914657943e+00 2.803831237034143165e+00 1.637132710786777023e+00 2.853155853183874324e+00 3.271844387543690225e+00 2.186066430250672710e+00 3.204410285647192769e+00 1.770800036102258446e+00 2.942859331974856829e+00 4.626955153111179442e+00 1.890220847592032349e+00 3.099624847023300322e+00 1.992999571720418528e+00 2.728812160210083437e+00 2.465232769064723328e+00 2.429996256073212457e+00 3.245563574088620840e+00 1.730484137926338706e+00 2.304507177082759650e+00 1.110407567732744960e+00 2.794557960518859741e+00 1.225894489422180156e+00 3.659655486241423450e+00 2.144259428994771177e+00 4.790670852368486443e+00 2.682967192122802658e+00 2.616344420861447251e+00 3.081559255042614964e+00 2.370681412037381808e+00 2.948529826265973153e+00 3.414990777086225560e+00 4.002801472982459252e+00 3.058721951868418998e+00 2.966497203010535877e+00 9.580349468810822611e-01 1.493574024967653679e+00 1.568050147562704222e+00 6.926715330871725529e-01
2.442113897658843680e+00 2.907332554652645840e+00 4.182564996513884026e+00 2.850482702107925981e+00 1.416344856123442630e+00 2.996505394399964217e+00 0.000000000000000000e+00 2.740829809483051882e+00 4.037030627991673448e+00 2.938662475020515252e+00 1.112536332433492259e+00 2.447798229518048707e+00 2.523134395276639186e+00 3.083090325978897983e+00 1.420539836229590680e+00 2.113991238200716882e+00 3.183490505734499099e+00 2.713526481974950944e+00 1.527973605108505772e+00 1.687904596164603088e+00 2.321895279717745897e+00 9.310069576057129481e-01 2.629047266312167341e+00 2.661680146291715232e+00 2.672741553419815563e+00 1.619645056473329570e+00 3.168136621767723149e+00 2.199093536806315363e+00 2.385073544462279482e+00 3.808507479444721788e+00 2.133545563662504030e+00 2.660291320312122121e+00 2.141352605612345528e+00 3.823023984526034091e+00 2.903090173546914343e+00 6.824887385612954382e-01 1.971201240801638166e+00 2.233762195785266247e+00 2.358219214448294743e+00 1.977577342053399079e+00 2.033031092017603569e+00 3.067653453301297350e+00 1.363423837943013694e+00 3.108747354114991701e+00 2.225211497210517919e+00 3.412939897603486372e+00 2.538494832548086499e+00 1.435525190133113860e+00 1.966844108003592106e+00 3.736720201734935021e+00 1.378031926238218130e+00 1.399930154434388951e+00 2.121967320311361593e+00 3.890916129325323158e+00 1.087418918224144715e+00 3.552308355549279373e+00 3.473421619969633500e+00 9.514557030377854829e-01 1.929352173986666363e+00 1.213265416512873784e+00 2.276331514694231117e+00 2.141188323562570606e+00 3.031264000093759403e+00 1.906821611571559716e+00 2.351377499726887255e+00 1.515381494435774634e+00 1.880828933997147567e+00 2.159622670407006506e+00 1.616798443373581140e+00 2.304221543279382445e+00 2.716599881784512949e+00 2.957501983247144306e+00 2.957136638474627599e+00 2.701218012165691906e+00 3.615995618618633056e+00 2.399579464221161196e+00 3.102530640561338426e+00 3.560436606489053801e+00 2.044021732305739913e+00 2.514449604084206591e+00 9.974389372004479615e-01 2.118619811489443006e+00 1.579903388968747491e+00 2.036432484308471569e+00 2.469022011090313384e+00 2.906255632711316927e+00 2.256217087737939497e+00 3.298565302114146558e+00 2.821375142744367626e+00 2.926440032066179420e+00 2.177865080162382228e+00 2.649026043901763661e+00 3.268458193226058572e+00 3.424031745646685554e+00 2.538665132698031179e+00 1.782813094870171255e+00 2.754355510878548685e+00 2.458480901959935849e+00 2.850517629102180095e+00 2.780451225673884252e+00
6.381925087608036895e-01 5.254889228849912719e-01 1.660749688969505700e+00 1.317359034318583033e+00 1.326442698507352302e+00 2.345729159872855796e+00 2.740829809483051882e+00 0.000000000000000000e+00 1.366176427525057857e+00 2.364960355776941636e+00 1.633891553269348540e+00 9.057175541033481991e-01 1.736933335078799656e+00 2.127712534976365699e+00 1.647380747113337707e+00 6.532542019433674740e-01 1.871845660159640490e+00 3.323909568751534649e-01 1.519228157499781240e+00 1.234501360728011754e+00 4.474092028782100661e-01 3.292276324236365959e+00 9.674330709058895916e-01 6.399123540276520083e-01 2.178769092386184936e-01 1.735069511780543028e+00 4.882023080930620318e-01 1.621310241308906219e+00 1.314041266593384716e+00 1.735460384010247159e+00 8.699436876322942380e-01 1.656923311335921190e+00 7.398995185976187106e-01 2.211402604123198223e+00 8.091176682538695486e-01 3.116479821132331463e+00 1.221272220090912297e+00 5.288646867245786476e-01 4.352975174556979465e-01 1.182415884337804979e+00 1.204124634394311721e+00 1.064216040506495986e+00 1.809152107849278046e+00 9.025429713785833030e-01 5.365874309501634798e-01 2.862513318339819701e+00 1.368286942493722291e+00 1.392984109513975000e+00 1.774265885502955609e+00 1.073380673884000380e+00 1.627503620367989345e+00 1.561490087935518245e+00 1.314476682638840099e+00 2.037173398502795330e+00 1.653481539010028367e+00 1.483913272906436376e+00 7.664265496952229473e-01 1.798207542533493797e+00 1.444378383510276809e+00 2.686100726153306528e+00 7.454174051076579710e-01 1.036339648397470503e+00 1.734753083812383023e+00 1.083678937018017763e+00 7.717511106075327643e-01 1.447602595935053138e+00 1.541945005491577758e+00 5.835744713344782619e-01 1.670319367353743090e+00 6.789523595495398078e-01 6.546087564327698338e-01 2.593383683048415822e+00 5.868426645029203303e-01 8.365386614769142470e-01 1.184485932864931312e+00 6.178618601756803441e-01 3.621849414471538520e-01 8.743291838271854965e-01 1.396442414315539393e+00 6.260823848202093922e-01 1.763796496680902548e+00 2.611962560384332388e+00 1.352815291559555266e+00 1.420240293782155661e+00 1.607640844016845039e+00 3.149780679129137728e-01 3.332447588325579524e+00 5.691527963074864971e-01 2.711207239085361431e-01 7.469532035071123621e-01 5.837192752245972116e-01 6.910349206656709597e-01 1.069677291440081612e+00 1.670054310765050731e+00 8.710528498825280685e-01 1.319202125989871632e+00 1.396511702655758524e+00 8.710634052178104492e-01 8.348537042905019856e-01 1.656977385998755548e+00
1.618965512620875957e+00 1.141086367486852771e+00 1.534459467862221427e+00 1.660784875906898383e+00 2.650656381985691201e+00 2.626568135071631449e+00 4.037030627991673448e+00 1.366176427525057857e+00 0.000000000000000000e+00 3.440736699500937856e+00 2.926604865027001345e+00 2.144712343171612634e+00 2.273174780431662878e+00 2.321457768796375998e+00 2.764460301821612731e+00 1.929363790348108232e+00 1.956117004643129098e+00 1.562161784309196388e+00 2.631660613849459818e+00 2.391016811640226614e+00 1.812900015699161704e+00 4.461471630316645509e+00 1.594287955586517924e+00 1.418360248279747493e+00 1.522837260535113924e+00 3.086265044718709216e+00 1.147576864890291537e+00 2.361796990794506446e+00 2.008181376376028560e+00 2.166315184326057075e+00 1.940409412068628381e+00 2.774720226631164799e+00 1.901233712204372983e+00 1.861308722270275329e+00 1.801472482253698271e+00 4.320242151979164724e+00 2.211752512366633727e+00 1.891652959975275161e+00 1.685377614785302347e+00 2.186355491445080013e+00 2.163769381511102097e+00 1.242315927331328007e+00 3.174010321388352374e+00 1.075450106963472097e+00 1.823815916225086209e+00 3.006383288082385974e+00 2.531554134345816998e+00 2.616429282390734912e+00 2.610444847239827393e+00 3.008512534756372370e-01 2.993667864905827702e+00 2.720163272291270751e+00 2.609864856647610143e+00 1.546394744340125138e+00 2.960472926869019972e+00 1.132092433133475629e+00 6.024543297599550540e-01 3.085812948221395846e+00 2.376254212833519119e+00 3.736735175731008773e+00 2.074337100480027729e+00 2.003529256432356132e+00 2.699146341957974204e+00 2.441951608246594851e+00 1.734937981917346050e+00 2.813763871556219431e+00 2.869295182818432099e+00 1.904403922029029195e+00 3.024127450877637013e+00 1.748815751254174433e+00 1.796984619427080876e+00 3.690756892767572683e+00 1.100971849322095020e+00 1.960805316881412352e+00 6.346594143246269137e-01 1.932134130045129794e+00 1.031439152954814586e+00 4.921193268126994869e-01 2.703010135588462148e+00 1.551101925271799686e+00 3.040275098336689741e+00 3.352683529093774872e+00 2.718990582680758106e+00 2.299845450980974260e+00 2.791215284322544399e+00 1.137055140525885744e+00 4.641391952312834412e+00 9.583344027077974614e-01 1.428908448941604403e+00 1.723980876449282107e+00 1.944990468406116113e+00 1.868154719848848622e+00 1.768282921317581025e+00 2.392714655257204726e+00 2.075463261989999086e+00 2.674396133175290124e+00 1.806955697359813762e+00 1.686739039328750911e+00 1.315022668222570079e+00 2.027739405183282884e+00
2.787131806434159920e+00 2.887392897950763260e+00 2.452040107847093253e+00 3.573864938762171040e+00 2.227380760557531758e+00 4.447881105285504511e+00 2.938662475020515252e+00 2.364960355776941636e+00 3.440736699500937856e+00 0.000000000000000000e+00 2.446209706750524848e+00 1.473326229734784443e+00 3.782499640490773807e+00 4.311344542028765048e+00 2.985741934536343400e+00 2.388314653025046752e+00 4.137005343600586471e+00 2.040978391618675225e+00 2.937770698380567591e+00 2.737997590906585454e+00 2.112151895968321202e+00 3.853886083513672123e+00 3.191105242487838112e+00 2.917633666525571989e+00 2.147085225572266776e+00 1.401093869732013664e+00 2.320648240612948499e+00 3.524084946074689473e+00 3.367487085353740639e+00 1.670557538414519483e+00 2.768373486868449529e+00 7.081287731675881547e-01 2.608084174935074273e+00 4.560170186319001395e+00 1.655049457232903753e+00 3.606231359858764751e+00 3.009553824247503062e+00 2.106446554968253171e+00 2.449489792746031291e+00 2.974071544408791734e+00 3.041595113457026933e+00 3.411386964881781392e+00 1.646434224415575631e+00 3.265505382053669692e+00 2.372247026749256804e+00 4.985664953385800402e+00 1.000861501825595967e+00 2.624048640830277446e+00 3.515598460165810124e+00 3.223869906550453468e+00 1.748557082223254344e+00 2.853015350956863205e+00 1.230478238950512448e+00 4.401449634522338172e+00 2.381913331234877695e+00 3.848794487112107365e+00 2.912881588786711440e+00 2.522741227377378159e+00 3.198358829465932640e+00 3.749364927565761008e+00 1.716763245479053790e+00 2.956820926801998706e+00 7.614033179188781641e-01 1.652868919962884542e+00 2.852685665599826059e+00 1.736499489592046919e+00 1.250823455254777450e+00 2.278585028367819287e+00 1.438132929142525551e+00 2.714215146104117071e+00 1.727433652954891485e+00 2.537013213821357471e-01 2.950575541740633412e+00 1.543083476759095518e+00 3.503045762376105099e+00 1.791762782325919678e+00 2.530289199218336726e+00 3.034025132738588315e+00 1.218713079297368385e+00 2.825147463417157390e+00 2.560072628603640599e+00 4.231557022911844435e+00 1.754475652373374439e+00 3.250416125740353213e+00 7.921579990176714769e-01 2.676699432473902185e+00 1.652425050798276507e+00 2.504047425466993992e+00 2.147798668524229182e+00 1.733701913274578121e+00 2.097237978921352219e+00 1.678084187251665860e+00 1.698066348773549228e+00 1.216771566163605600e+00 1.495034872982272001e+00 1.532298904580607246e+00 3.605079465936713579e+00 3.018363832710258432e+00 3.157720599845680098e+00 3.827974635340017695e+00
1.349708213721559469e+00 1.803667465327751573e+00 3.146719090093804461e+00 1.874297472694322675e+00 3.357770279998634200e-01 2.320871574924327163e+00 1.112536332433492259e+00 1.633891553269348540e+00 2.926604865027001345e+00 2.446209706750524848e+00 0.000000000000000000e+00 1.494624189030060446e+00 1.714519350585048674e+00 2.308892175176727513e+00 6.156203282728519577e-01 1.001456068753377115e+00 2.308213936555100876e+00 1.637763938676155551e+00 6.379253848628395618e-01 6.514157801256361680e-01 1.229985871377959228e+00 1.720400432343727859e+00 1.591133935493097340e+00 1.572844057978384669e+00 1.582568868831904174e+00 1.069498090120918343e+00 2.076730173287117509e+00 1.384365228711866846e+00 1.444328374350388522e+00 2.884856308426032356e+00 1.058265042325041927e+00 1.946470698498866003e+00 1.040745954919760852e+00 2.916030656780908892e+00 1.902286638239144567e+00 1.517045928750655692e+00 9.893801027922684010e-01 1.142147174805028698e+00 1.245702062111744945e+00 9.808357599500234780e-01 1.050540654231188809e+00 2.019036023995819384e+00 8.743231683050114444e-01 2.032470585004290786e+00 1.113006198402242575e+00 2.823486396033224377e+00 1.734349959945927999e+00 3.866773498631436712e-01 1.247388788549354199e+00 2.625992698443292195e+00 7.111072714631221370e-01 5.046818213645878348e-01 1.322033666421233100e+00 2.925140317715969385e+00 7.946238480038601837e-02 2.522362054091138450e+00 2.360901140116255181e+00 1.645954222100571851e-01 1.044637760602469934e+00 1.338876747600278749e+00 1.264093719827747098e+00 1.111280159720732463e+00 2.276181457886442328e+00 9.672241192126286302e-01 1.274669265541595875e+00 7.138044616249350494e-01 1.200302075395627943e+00 1.050654671562622600e+00 1.019274940466757373e+00 1.209663239164869619e+00 1.695745385755288881e+00 2.556961221632379377e+00 1.856243117607548676e+00 1.722068742573275690e+00 2.528389518770897570e+00 1.364676410848090438e+00 1.994358066850298039e+00 2.448226912109297437e+00 1.283671752690234369e+00 1.422814934022324618e+00 1.455285328073530893e-01 1.817781234381411259e+00 7.166772195813059243e-01 1.142842016260220417e+00 1.766075198291819914e+00 1.793998429767137637e+00 2.471355580872303115e+00 2.197115121412214656e+00 1.735279867698286349e+00 1.910284143600550655e+00 1.087528218591469198e+00 1.638051947594298285e+00 2.278790015557180748e+00 2.567007320319254937e+00 1.574725316737113134e+00 9.577011297531647926e-01 1.808353029522521194e+00 1.403625672951160253e+00 1.781331756818294476e+00 1.907118527286707277e+00
1.329772181675687559e+00 1.420136289356549675e+00 1.757624157293404821e+00 2.111818722316828101e+00 1.168374491891005729e+00 3.041702268608661885e+00 2.447798229518048707e+00 9.057175541033481991e-01 2.144712343171612634e+00 1.473326229734784443e+00 1.494624189030060446e+00 0.000000000000000000e+00 2.384143770708188725e+00 2.875847955739650352e+00 1.831007428900773837e+00 9.819646261659950026e-01 2.676937576981831768e+00 6.039997755808487190e-01 1.739478473647041001e+00 1.476205061578416133e+00 6.542551957236141247e-01 3.199751722124055231e+00 1.730926234087061033e+00 1.446410738147432040e+00 6.904506128592440284e-01 1.027796507955716976e+00 1.004844771059800301e+00 2.168070180499040767e+00 1.954575596441121998e+00 1.390817357966836809e+00 1.366990147317064030e+00 7.687010615449521023e-01 1.198500097953726362e+00 3.086860470721889182e+00 4.747347932013742389e-01 2.981238705984495585e+00 1.664957326598296428e+00 6.684635376603715873e-01 9.918054435287266823e-01 1.625325133637982145e+00 1.682057774898351843e+00 1.938436577397377736e+00 1.201414975852316713e+00 1.797608867381369713e+00 9.371057977248609117e-01 3.577613057911496863e+00 4.728498989796310337e-01 1.472136438283585536e+00 2.222392344036342671e+00 1.882408430491391060e+00 1.095847583866455643e+00 1.705261961279404659e+00 4.773749155924209564e-01 2.933372789314980800e+00 1.468878161050098718e+00 2.385182551680563812e+00 1.558916482026728723e+00 1.639528381812174418e+00 1.880844839758736509e+00 2.799760006533015488e+00 2.887423237969347634e-01 1.563982926427418541e+00 9.370999682653173846e-01 5.444821495366325426e-01 1.411197694310530659e+00 9.369900582244682363e-01 7.637177844856593012e-01 8.593846156033231320e-01 9.814997812021136747e-01 1.274284668184635372e+00 3.586080992335547446e-01 1.693850158767774783e+00 1.484623650035058029e+00 2.608726915856039441e-01 2.079480704961840676e+00 3.214096514022150020e-01 1.136735874200209828e+00 1.680471668321059875e+00 5.771508495556122442e-01 1.361428384244848022e+00 1.639573299140288265e+00 3.022923886003103355e+00 8.679139536423735590e-01 1.907400317990213257e+00 7.023274431035021470e-01 1.220673386315592746e+00 2.498067520252920559e+00 1.191566879274804425e+00 7.300995311634903562e-01 5.202863435725124663e-01 6.760074520961745215e-01 2.818533583564415412e-01 8.226551655402409846e-01 1.093442075605133512e+00 9.409205592410586905e-02 6.860673287653853425e-01 2.154339247859812012e+00 1.569417367107921013e+00 1.684548352051103759e+00 2.390547569503056469e+00
1.108659259749351422e+00 1.370998176307016703e+00 3.306696844369701349e+00 6.129162524692575165e-01 1.710274425442371626e+00 6.654960630947520661e-01 2.523134395276639186e+00 1.736933335078799656e+00 2.273174780431662878e+00 3.782499640490773807e+00 1.714519350585048674e+00 2.384143770708188725e+00 0.000000000000000000e+00 5.943955086718136771e-01 1.144856039666062308e+00 1.406434668532350107e+00 6.708660302732947223e-01 2.020751557165889167e+00 1.082012089744146754e+00 1.124444010944088523e+00 1.739371005926807268e+00 2.542257115927347488e+00 7.964413341680733893e-01 1.119378148260815609e+00 1.893985866349795488e+00 2.618737153465621414e+00 2.163632962759194367e+00 3.341720175671106241e-01 4.334314712774900435e-01 3.472206470098186948e+00 1.020366682153192484e+00 3.119297174184237686e+00 1.186996272468752167e+00 1.314375982395691755e+00 2.503487740942384132e+00 2.489310734405232761e+00 7.942084564702546201e-01 1.715766465711107802e+00 1.418545397777713379e+00 8.238451319239487036e-01 7.510886291608656062e-01 1.032270114736690170e+00 2.505893793563009453e+00 1.219581742310684502e+00 1.448326872377445840e+00 1.203165886099399673e+00 2.829681870803384403e+00 1.348247025811321054e+00 5.615235000133809162e-01 2.044344855167118613e+00 2.301113540959124126e+00 1.221573732642214694e+00 2.554727830449603942e+00 1.442970958398221093e+00 1.791516382715706790e+00 1.301285666143163322e+00 1.977734584444267085e+00 1.787944190369548325e+00 6.712261631554274910e-01 1.704514415104054104e+00 2.102735735801356753e+00 8.270224115601981785e-01 3.320128224654506077e+00 2.138759160763891387e+00 9.932950038571837226e-01 2.201042024450501788e+00 2.610082665688138626e+00 1.525894290398100095e+00 2.551646077667206303e+00 1.121785115877215411e+00 2.304367635192534181e+00 3.961655889847163881e+00 1.358389293451427671e+00 2.454395204470944503e+00 1.652714912173031570e+00 2.074843221942226812e+00 1.906609091983788362e+00 1.979318516069049405e+00 2.580589864188215898e+00 1.111193690929203948e+00 1.719770738930814780e+00 1.089286731360635807e+00 2.138797311084946973e+00 5.802627849116215319e-01 2.994705714886013226e+00 1.576751925460677217e+00 4.167887055450805178e+00 2.138484140848744719e+00 2.003477531553898405e+00 2.455271791789801039e+00 1.710391036198482428e+00 2.304707489466949699e+00 2.803326190245788663e+00 3.369641972100392291e+00 2.405039948202780664e+00 2.304531032954705960e+00 4.662615471873723938e-01 8.668012023441019620e-01 1.040617704591549231e+00 2.999109716262618464e-01
1.551310277624502909e+00 1.670748073318606641e+00 3.563962257839079939e+00 8.171744973160500747e-01 2.297028972087088672e+00 3.124773478912218350e-01 3.083090325978897983e+00 2.127712534976365699e+00 2.321457768796375998e+00 4.311344542028765048e+00 2.308892175176727513e+00 2.875847955739650352e+00 5.943955086718136771e-01 0.000000000000000000e+00 1.733133519755790886e+00 1.923113008784856914e+00 3.685243061071309389e-01 2.441416191711603734e+00 1.675439082055712570e+00 1.711905632039727898e+00 2.221725773175660557e+00 3.004872568827021695e+00 1.165241687738913567e+00 1.488020997352599295e+00 2.313607852819144384e+00 3.196780145739050560e+00 2.490933758547178467e+00 9.261786653308173856e-01 9.517867722674214770e-01 3.841564610106367184e+00 1.547021498503129200e+00 3.630834252554959729e+00 1.703761504691865714e+00 8.714190507774020045e-01 2.929324850534782865e+00 2.983520947136812929e+00 1.373094968534912086e+00 2.213030370003022718e+00 1.885866453149349198e+00 1.398656729223108020e+00 1.323913724121022595e+00 1.185998441450409224e+00 3.093402166846982215e+00 1.399273860009608406e+00 1.943963066999923495e+00 7.422791762438195606e-01 3.336478936727987676e+00 1.941590878282845933e+00 1.119991988704148067e+00 2.152815437636000251e+00 2.886763121582945679e+00 1.814527691016144972e+00 3.093577334571538273e+00 1.105567939338256700e+00 2.385911636932454893e+00 1.208961618924978998e+00 2.175062324735254293e+00 2.380356897973225028e+00 1.265378767423261941e+00 2.156080612555011378e+00 2.605363016629686168e+00 1.367731813364827076e+00 3.800839433567652748e+00 2.686908675148752756e+00 1.465125543345904502e+00 2.779717540187054858e+00 3.171557789262392291e+00 2.033796941751886855e+00 3.128684543259146356e+00 1.602884980744685661e+00 2.747144768285100902e+00 4.501455959080741920e+00 1.636596655347315687e+00 2.911606388139612367e+00 1.689478387786731872e+00 2.557432687437218632e+00 2.215837693303260192e+00 2.143362400057702288e+00 3.127748455724656651e+00 1.531149823073311156e+00 2.312179516416471792e+00 1.346080418654305388e+00 2.713345870268340398e+00 1.172172049384858417e+00 3.519519405472706364e+00 1.903153430720941675e+00 4.759617140160976589e+00 2.425145629991175333e+00 2.398679690754007776e+00 2.872008463987445026e+00 2.216833025445783090e+00 2.759518518394922015e+00 3.191013475872690019e+00 3.795913213399205510e+00 2.884623181582730123e+00 2.866479364613336855e+00 7.328581846215349582e-01 1.307553243223189776e+00 1.320152387966143204e+00 4.853272900066517015e-01
1.151477152065664589e+00 1.628044299645049042e+00 3.287362611276348101e+00 1.431263889022456048e+00 7.583627287441785381e-01 1.718182124277172873e+00 1.420539836229590680e+00 1.647380747113337707e+00 2.764460301821612731e+00 2.985741934536343400e+00 6.156203282728519577e-01 1.831007428900773837e+00 1.144856039666062308e+00 1.733133519755790886e+00 0.000000000000000000e+00 1.011548566205325850e+00 1.781677727610529782e+00 1.770472638925424169e+00 1.334821344335856419e-01 4.132967166105580015e-01 1.358103531096900296e+00 1.697156255161754723e+00 1.240396428946178409e+00 1.346252760373789936e+00 1.677667495787588114e+00 1.654144359470718362e+00 2.133038594176401848e+00 8.108614767350200703e-01 9.645726806924509455e-01 3.172642588342173386e+00 8.314900041063596481e-01 2.419445329726367167e+00 9.158757428517241284e-01 2.413817875108364763e+00 2.149586112771149971e+00 1.562039634719433634e+00 5.725841353284624180e-01 1.284114764664166852e+00 1.212310958995317600e+00 5.890153882115476414e-01 6.308750578914928964e-01 1.677961496398638452e+00 1.480926850743960799e+00 1.750875709057003737e+00 1.123308955753486549e+00 2.211901234862703625e+00 2.169975713048063248e+00 3.688709859153856407e-01 6.378563664308400938e-01 2.473828592878118293e+00 1.300976810671474970e+00 1.330899170309894630e-01 1.792824464339949575e+00 2.470666766636252731e+00 6.949625779815096216e-01 2.144475203066857905e+00 2.262621939427551077e+00 6.538550174073242127e-01 5.099971562098821742e-01 1.039608986747895258e+00 1.554870830229782008e+00 7.689477200256303879e-01 2.711911751089304268e+00 1.383000604481907203e+00 1.029672949380715963e+00 1.260161148477180415e+00 1.737365751118883139e+00 1.117284434063309462e+00 1.596813715724700433e+00 1.033556511809951006e+00 1.929818502727165486e+00 3.118599447325293372e+00 1.663926164836873278e+00 2.009870477053116389e+00 2.267264896809633612e+00 1.608541635674962444e+00 1.975016746934645129e+00 2.325096293421288873e+00 1.779031118316447335e+00 1.215932022744298457e+00 5.863254132805714169e-01 1.245875485997553378e+00 1.232054331199746500e+00 6.171847893728930057e-01 2.253990113532486461e+00 1.700150404565468509e+00 3.083112682776121272e+00 2.207248517566172019e+00 1.830950872034148746e+00 2.135471737021639616e+00 1.242764325726861241e+00 1.891463499461987663e+00 2.518732761144817811e+00 2.923433132018912417e+00 1.892237994307156779e+00 1.455743568643643071e+00 1.333940569030103385e+00 1.094354886987786379e+00 1.489464942096666134e+00 1.375752387746765226e+00
4.600000347841434190e-01 8.314256735122802500e-01 2.275823461684173488e+00 1.217763940858056948e+00 7.244911005639317336e-01 2.068407970268115292e+00 2.113991238200716882e+00 6.532542019433674740e-01 1.929363790348108232e+00 2.388314653025046752e+00 1.001456068753377115e+00 9.819646261659950026e-01 1.406434668532350107e+00 1.923113008784856914e+00 1.011548566205325850e+00 0.000000000000000000e+00 1.767789566879815144e+00 7.638732144884017305e-01 8.894306470803757803e-01 6.003326092784141421e-01 3.707792369294757306e-01 2.639022348581680610e+00 8.420339145894131239e-01 6.650785328123021145e-01 6.663586489660704437e-01 1.387338544412750840e+00 1.129181423917105631e+00 1.187592244528536956e+00 9.820750480183927378e-01 2.206053584583854477e+00 3.862609108358570631e-01 1.714215530062719317e+00 2.204143670906443531e-01 2.264157809240041619e+00 1.184235027457582357e+00 2.464445634890313652e+00 6.943509549531610148e-01 3.209874169708185065e-01 2.445105063217156427e-01 6.536964517717096523e-01 7.045952800436144914e-01 1.181376467500618199e+00 1.375731294507140046e+00 1.126850206547476585e+00 1.166750744683168750e-01 2.605964690003170325e+00 1.423419736878105191e+00 7.397391761638572039e-01 1.263440920360439979e+00 1.628512669593955353e+00 1.168580784289530605e+00 9.158874037648455646e-01 1.174809133661701477e+00 2.180600853847746379e+00 1.031668012908084187e+00 1.688857721939937662e+00 1.359461710961109349e+00 1.163528070448998974e+00 9.183849398126792130e-01 2.050129236420364709e+00 6.972363263942976674e-01 5.823732021335892295e-01 1.919018448348662975e+00 7.866309443491705800e-01 4.788548361784097929e-01 1.007627854184852234e+00 1.290571691667472987e+00 1.257108964403980955e-01 1.316777071188258041e+00 3.456594327394008626e-01 9.666593569905073124e-01 2.579978170982898167e+00 8.911768875336731899e-01 1.086137240293612471e+00 1.580210772755141102e+00 6.855347736772394729e-01 1.004653282702678396e+00 1.447601984893556404e+00 1.217573327248415271e+00 5.235390252400407007e-01 1.123439368816925077e+00 2.088794699655897702e+00 9.184232004313492848e-01 9.325121930354998145e-01 1.596754470858115171e+00 7.936038333211715701e-01 3.021707010186974962e+00 1.222276901770930069e+00 8.194039640241248534e-01 1.156756881101510537e+00 3.059628998518079679e-01 9.461856173804182868e-01 1.537186679295060587e+00 2.019130368080113147e+00 1.011683421641012659e+00 9.976317927056808088e-01 1.227494942889452378e+00 6.500093758139007249e-01 9.137760687884644017e-01 1.440502378501120395e+00
