0.000000000000000000e+00 4.202224971609707649e-01 3.970344802740130574e-01 1.532660914409466335e-01 1.761405181145740129e-01 8.502820205238741380e-01 9.025419094605370285e-01 1.045699142731117415e-01 1.552570431935610396e-01 4.442152743214206612e-01 3.758305253512481681e-01 4.557040321874185618e-01 1.022804319137278650e+00 6.302733858440331405e-01 3.670085276983656164e-01 5.744936632481918437e-01 5.575193053465139492e-01 1.755209573856669758e-01 1.586394318183255991e-01 7.764911997732455440e-01 5.633453643869518190e-01 3.630515309123047984e-01 8.370435712635571068e-01 9.607151180458226580e-01 2.172821465363675708e-01 6.789120703557018910e-01 5.129163437692897398e-01 3.677842480581347551e-01 2.394108332958904684e-01 5.878259848341337301e-01
4.202224971609707649e-01 0.000000000000000000e+00 4.653727739490373660e-01 3.193688717845433178e-01 2.586073021772344327e-01 5.206835204526554239e-01 4.827260555943284071e-01 3.310376812213738362e-01 3.188616380390254523e-01 5.069296411112015344e-01 1.618532955955941377e-01 5.063815071262613987e-01 6.036879009416897812e-01 5.008197707059806048e-01 4.208173839789735582e-01 3.385249370215496767e-01 1.586981888683781650e-01 2.683017211177153860e-01 2.794258622117589685e-01 4.556063811183989620e-01 5.226512464174369876e-01 6.667716061932018601e-01 7.097093325324316249e-01 5.414577786303680362e-01 5.411261708951125016e-01 3.378905346132459186e-01 2.738197514157760803e-01 2.117031486285179398e-01 1.825702067509294146e-01 5.129929919979459019e-01
3.970344802740130574e-01 4.653727739490373660e-01 0.000000000000000000e+00 4.714672163845670672e-01 3.180891073332105523e-01 9.859132167130381097e-01 8.609474385166342447e-01 3.266444744476523221e-01 2.713315688648107460e-01 7.934006250794308768e-01 3.073637879376593940e-01 8.012007981942443902e-01 9.356932186181321498e-01 9.046917412466365382e-01 4.555482670374725457e-02 7.786371620639230828e-01 6.183643300216049576e-01 4.416805339767645444e-01 4.308611825703487774e-01 9.208122506008793451e-01 8.784960443410044784e-01 7.590929656188919461e-01 1.122898596268998794e+00 9.210199223959095738e-01 6.142644751377409618e-01 8.032619694915571484e-01 7.088330108631003545e-01 5.844585055254528649e-01 4.028708351468445192e-01 8.881938109610671983e-01
1.532660914409466335e-01 3.193688717845433178e-01 4.714672163845670672e-01 0.000000000000000000e+00 1.621383045361381170e-01 7.010786099933608018e-01 7.885161554436456166e-01 1.496161564119508625e-01 2.004705938914599916e-01 3.232877592116645826e-01 3.353058080348843006e-01 3.321092525651693217e-01 9.179237387293793793e-01 4.814240725256112574e-01 4.319518682972546819e-01 4.219286575405671313e-01 4.333544080602855786e-01 5.343898712350780150e-02 5.034462232403222326e-02 6.271284738177452800e-01 4.248633749477468968e-01 3.585557355764833476e-01 6.924245178689064639e-01 8.442836144146698141e-01 2.233744443574307015e-01 5.341547450454109391e-01 3.618721999099520081e-01 2.186054948012724208e-01 1.460067384487807596e-01 4.445661884781638706e-01
1.761405181145740129e-01 2.586073021772344327e-01 3.180891073332105523e-01 1.621383045361381170e-01 0.000000000000000000e+00 7.401373837351133966e-01 7.393711939275325884e-01 7.498663245774116193e-02 6.799821169486189310e-02 4.773396426773002799e-01 2.007164627091030662e-01 4.844514662768535929e-01 8.537673743479116117e-01 5.950965021046166203e-01 2.759283100944773248e-01 4.914210529188400844e-01 4.094448974733287949e-01 1.244352237796260141e-01 1.156950942765359036e-01 6.685133863469299165e-01 5.611248567810045440e-01 5.025957758607643155e-01 8.126025435983802447e-01 7.987515720294070531e-01 3.573820376332054738e-01 5.594314787647931553e-01 4.226904819589568651e-01 2.830600975606356595e-01 1.024746768318012535e-01 5.727762028826093310e-01
8.502820205238741380e-01 5.206835204526554239e-01 9.859132167130381097e-01 7.010786099933608018e-01 7.401373837351133966e-01 0.000000000000000000e+00 4.061811122279860298e-01 7.964637098368787527e-01 8.079215323497591639e-01 6.088687005629545013e-01 6.797947704122468959e-01 5.961823979469635937e-01 5.366206417245757976e-01 3.755860764985857192e-01 9.414821959188818257e-01 2.897434690907371158e-01 3.705831016797090927e-01 6.756194502307218963e-01 6.928911391508145723e-01 7.396789539666599744e-02 4.940161476627733528e-01 9.133105889339599992e-01 4.298138542484324365e-01 4.141169663380266930e-01 8.544947073633293311e-01 1.834800818434336733e-01 3.401876099259488750e-01 4.828233196391217841e-01 6.387132098337419128e-01 4.499621476538407383e-01
9.025419094605370285e-01 4.827260555943284071e-01 8.609474385166342447e-01 7.885161554436456166e-01 7.393711939275325884e-01 4.061811122279860298e-01 0.000000000000000000e+00 8.130318149586126530e-01 7.949822779347747170e-01 8.581342643508170775e-01 5.815158541388506519e-01 8.502348299155668698e-01 1.469335777574764801e-01 6.995930913908360305e-01 8.248582618567933400e-01 5.325397729265815006e-01 3.575687109134036423e-01 7.420714498227265477e-01 7.555265313079648770e-01 4.099185047946150573e-01 7.931373018181345769e-01 1.104483061200995486e+00 8.198646253247258153e-01 6.072230427317280160e-02 9.991371293777975282e-01 3.692811803067553300e-01 5.281253131651971744e-01 6.048649809634895069e-01 6.634992857251071907e-01 7.583862413875807063e-01
1.045699142731117415e-01 3.310376812213738362e-01 3.266444744476523221e-01 1.496161564119508625e-01 7.498663245774116193e-02 7.964637098368787527e-01 8.130318149586126530e-01 0.000000000000000000e+00 5.844162928122544065e-02 4.724763491031753748e-01 2.717984926099357712e-01 4.815744042633728350e-01 9.285252763934885856e-01 6.206315883148048052e-01 2.899582349014631077e-01 5.356136075964256227e-01 4.781133151132180292e-01 1.363543038124562512e-01 1.205740312101800243e-01 7.237420607564362118e-01 5.724874734271828691e-01 4.518819786520348880e-01 8.352877405835550384e-01 8.721712448222099789e-01 3.046659109632189888e-01 6.184795747160602986e-01 4.690138734492632078e-01 3.243113214559484869e-01 1.607305874629772757e-01 5.896732906366544125e-01
1.552570431935610396e-01 3.188616380390254523e-01 2.713315688648107460e-01 2.004705938914599916e-01 6.799821169486189310e-02 8.079215323497591639e-01 7.949822779347747170e-01 5.844162928122544065e-02 0.000000000000000000e+00 5.234101974652756173e-01 2.332302091387271625e-01 5.317910482003598283e-01 9.044776159276420868e-01 6.571190467426636372e-01 2.331295797358053645e-01 5.586157650724509205e-01 4.730900072279517476e-01 1.761547410775404221e-01 1.630383020675369443e-01 7.364125155237165599e-01 6.167182317431809668e-01 5.097000815261465423e-01 8.737592568878514987e-01 8.549099857426268878e-01 3.624195524101078147e-01 6.268993720086301069e-01 4.901463717943556064e-01 3.492306771875436366e-01 1.704215366999829728e-01 6.310880419366663441e-01
4.442152743214206612e-01 5.069296411112015344e-01 7.934006250794308768e-01 3.232877592116645826e-01 4.773396426773002799e-01 6.088687005629545013e-01 8.581342643508170775e-01 4.724763491031753748e-01 5.234101974652756173e-01 0.000000000000000000e+00 6.031600200488878016e-01 1.508177240564962177e-02 1.003663949262527666e+00 2.572043352356632173e-01 7.525978055407563927e-01 3.385590370025792217e-01 5.272787006351212780e-01 3.529103668052410714e-01 3.626872148866960299e-01 5.435125154236120082e-01 1.453150862755281381e-01 3.164120551947828819e-01 4.193305126969592012e-01 9.011624882831559269e-01 3.125102934069698413e-01 5.066889294884258099e-01 3.300314605293783177e-01 2.964564414097701772e-01 4.149082652830476947e-01 1.864324588503305791e-01
3.758305253512481681e-01 1.618532955955941377e-01 3.073637879376593940e-01 3.353058080348843006e-01 2.007164627091030662e-01 6.797947704122468959e-01 5.815158541388506519e-01 2.717984926099357712e-01 2.332302091387271625e-01 6.031600200488878016e-01 0.000000000000000000e+00 6.061107971396176852e-01 6.798502783573417974e-01 6.449592773262637913e-01 2.640654882854800434e-01 4.943475475714804168e-01 3.110613861861742380e-01 2.834502567681280727e-01 2.853031201380092363e-01 6.163112802073383856e-01 6.481991156547093347e-01 6.923202598959209420e-01 8.591859247037307856e-01 6.422139148380310303e-01 5.509342381473111283e-01 4.981056196559651705e-01 4.267683363042768518e-01 3.308823567555590484e-01 1.960716149510011164e-01 6.461129530539960752e-01
4.557040321874185618e-01 5.063815071262613987e-01 8.012007981942443902e-01 3.321092525651693217e-01 4.844514662768535929e-01 5.961823979469635937e-01 8.502348299155668698e-01 4.815744042633728350e-01 5.317910482003598283e-01 1.508177240564962177e-02 6.061107971396176852e-01 0.000000000000000000e+00 9.960337512186215880e-01 2.425432191898982959e-01 7.600643987827339076e-01 3.281731977852396787e-01 5.222017477605228608e-01 3.600472667882116951e-01 3.703406869390000744e-01 5.313536468597894746e-01 1.302359662609458013e-01 3.311307618633694272e-01 4.046212324280402672e-01 8.926393958417431218e-01 3.271529876694004857e-01 4.967478064033895024e-01 3.221699951244680893e-01 2.951815020629512953e-01 4.195316320489250184e-01 1.714335075725874347e-01
1.022804319137278650e+00 6.036879009416897812e-01 9.356932186181321498e-01 9.179237387293793793e-01 8.537673743479116117e-01 5.366206417245757976e-01 1.469335777574764801e-01 9.285252763934885856e-01 9.044776159276420868e-01 1.003663949262527666e+00 6.798502783573417974e-01 9.960337512186215880e-01 0.000000000000000000e+00 8.457593859004517434e-01 9.039124052067222248e-01 6.794646138590895168e-01 4.940282254720808064e-01 8.693688724348372920e-01 8.817569714429855932e-01 5.492991036243960457e-01 9.400669015992162425e-01 1.243349171853506574e+00 9.590652329330972004e-01 1.225069966578431480e-01 1.133131735057277822e+00 5.158117687558830822e-01 6.738686503689074181e-01 7.440141122448580280e-01 7.862509337198830828e-01 9.051903984689743110e-01
6.302733858440331405e-01 5.008197707059806048e-01 9.046917412466365382e-01 4.814240725256112574e-01 5.950965021046166203e-01 3.755860764985857192e-01 6.995930913908360305e-01 6.206315883148048052e-01 6.571190467426636372e-01 2.572043352356632173e-01 6.449592773262637913e-01 2.425432191898982959e-01 8.457593859004517434e-01 0.000000000000000000e+00 8.598554313990256492e-01 1.835728687018287619e-01 4.404994972715858825e-01 4.843919650695927004e-01 5.000900216643067164e-01 3.217309912763754998e-01 1.216442243727592909e-01 5.736147855357224268e-01 2.182096688032298393e-01 7.306874339757178927e-01 5.537177983521028857e-01 3.305537456382333095e-01 2.314321187714653283e-01 3.212732907527608983e-01 5.020675882284415525e-01 7.621291470573103577e-02
3.670085276983656164e-01 4.208173839789735582e-01 4.555482670374725457e-02 4.319518682972546819e-01 2.759283100944773248e-01 9.414821959188818257e-01 8.248582618567933400e-01 2.899582349014631077e-01 2.331295797358053645e-01 7.525978055407563927e-01 2.640654882854800434e-01 7.600643987827339076e-01 9.039124052067222248e-01 8.598554313990256492e-01 0.000000000000000000e+00 7.330871877076717835e-01 5.746951033041866053e-01 4.000949333408101438e-01 3.899199884320323495e-01 8.760362483749313256e-01 8.351799929071348494e-01 7.300456391176635140e-01 1.078046051918502890e+00 8.851838536723435347e-01 5.840239289494389974e-01 7.586486780135396346e-01 6.632871784891248845e-01 5.393718729916079369e-01 3.583322856690666081e-01 8.442067941462385594e-01
5.744936632481918437e-01 3.385249370215496767e-01 7.786371620639230828e-01 4.219286575405671313e-01 4.914210529188400844e-01 2.897434690907371158e-01 5.325397729265815006e-01 5.356136075964256227e-01 5.586157650724509205e-01 3.385590370025792217e-01 4.943475475714804168e-01 3.281731977852396787e-01 6.794646138590895168e-01 1.835728687018287619e-01 7.330871877076717835e-01 0.000000000000000000e+00 2.578887104469924085e-01 4.047685351218016647e-01 4.221125701319167201e-01 2.175207074531733120e-01 2.609322214473323576e-01 6.285897604606188738e-01 3.745890934785456317e-01 5.702209866442203845e-01 5.647516157725254171e-01 1.691573098077530923e-01 6.990531350054510207e-02 2.113149050082683555e-01 3.897861615924779755e-01 2.288519643628403044e-01
5.575193053465139492e-01 1.586981888683781650e-01 6.183643300216049576e-01 4.333544080602855786e-01 4.094448974733287949e-01 3.705831016797090927e-01 3.575687109134036423e-01 4.781133151132180292e-01 4.730900072279517476e-01 5.272787006351212780e-01 3.110613861861742380e-01 5.222017477605228608e-01 4.940282254720808064e-01 4.404994972715858825e-01 5.746951033041866053e-01 2.578887104469924085e-01 0.000000000000000000e+00 3.894729887210934827e-01 4.041052862231651055e-01 3.112567152415085525e-01 4.981644406662489311e-01 7.493422247967443939e-01 6.268759107786625595e-01 4.116922890405205759e-01 6.415696247157431920e-01 1.933388265682460805e-01 2.159467783460176371e-01 2.505066068984959649e-01 3.196162626527763728e-01 4.753561918170928213e-01
1.755209573856669758e-01 2.683017211177153860e-01 4.416805339767645444e-01 5.343898712350780150e-02 1.244352237796260141e-01 6.756194502307218963e-01 7.420714498227265477e-01 1.363543038124562512e-01 1.761547410775404221e-01 3.529103668052410714e-01 2.834502567681280727e-01 3.600472667882116951e-01 8.693688724348372920e-01 4.843919650695927004e-01 4.000949333408101438e-01 4.047685351218016647e-01 3.894729887210934827e-01 0.000000000000000000e+00 1.739361670982823849e-02 6.019802683750559158e-01 4.405789789571132875e-01 4.118040518858673282e-01 6.996031022345370332e-01 7.986278064936277454e-01 2.765213737392976379e-01 5.033915189570629112e-01 3.405541371901008585e-01 1.946573265723601787e-01 9.257007784507088888e-02 4.553438276903502557e-01
1.586394318183255991e-01 2.794258622117589685e-01 4.308611825703487774e-01 5.034462232403222326e-02 1.156950942765359036e-01 6.928911391508145723e-01 7.555265313079648770e-01 1.205740312101800243e-01 1.630383020675369443e-01 3.626872148866960299e-01 2.853031201380092363e-01 3.703406869390000744e-01 8.817569714429855932e-01 5.000900216643067164e-01 3.899199884320323495e-01 4.221125701319167201e-01 4.041052862231651055e-01 1.739361670982823849e-02 0.000000000000000000e+00 6.192734334620327852e-01 4.540298537084538344e-01 4.076232294225152764e-01 7.147934680087736359e-01 8.123857213068680361e-01 2.696354786989543229e-01 5.203478585494369923e-01 3.579476936190225111e-01 2.120508649875766094e-01 9.993803916130743203e-02 4.697729210828555657e-01
7.764911997732455440e-01 4.556063811183989620e-01 9.208122506008793451e-01 6.271284738177452800e-01 6.685133863469299165e-01 7.396789539666599744e-02 4.099185047946150573e-01 7.237420607564362118e-01 7.364125155237165599e-01 5.435125154236120082e-01 6.163112802073383856e-01 5.313536468597894746e-01 5.492991036243960457e-01 3.217309912763754998e-01 8.760362483749313256e-01 2.175207074531733120e-01 3.112567152415085525e-01 6.019802683750559158e-01 6.192734334620327852e-01 0.000000000000000000e+00 4.359681258795710668e-01 8.440026443348450647e-01 4.101300626359591361e-01 4.283494330460276278e-01 7.819739490565476014e-01 1.184861395932464562e-01 2.662737307924973873e-01 4.089323949411530768e-01 5.667278140013757293e-01 3.933576373183075847e-01
5.633453643869518190e-01 5.226512464174369876e-01 8.784960443410044784e-01 4.248633749477468968e-01 5.611248567810045440e-01 4.940161476627733528e-01 7.931373018181345769e-01 5.724874734271828691e-01 6.167182317431809668e-01 1.453150862755281381e-01 6.481991156547093347e-01 1.302359662609458013e-01 9.400669015992162425e-01 1.216442243727592909e-01 8.351799929071348494e-01 2.609322214473323576e-01 4.981644406662489311e-01 4.405789789571132875e-01 4.540298537084538344e-01 4.359681258795710668e-01 0.000000000000000000e+00 4.587979690994559157e-01 2.784543138510636728e-01 8.291869023861825339e-01 4.552092322538738300e-01 4.260366921712335220e-01 2.826436789431543972e-01 3.179078379665217780e-01 4.798840262392286005e-01 4.548862067517560337e-02
3.630515309123047984e-01 6.667716061932018601e-01 7.590929656188919461e-01 3.585557355764833476e-01 5.025957758607643155e-01 9.133105889339599992e-01 1.104483061200995486e+00 4.518819786520348880e-01 5.097000815261465423e-01 3.164120551947828819e-01 6.923202598959209420e-01 3.311307618633694272e-01 1.243349171853506574e+00 5.736147855357224268e-01 7.300456391176635140e-01 6.285897604606188738e-01 7.493422247967443939e-01 4.118040518858673282e-01 4.076232294225152764e-01 8.440026443348450647e-01 4.587979690994559157e-01 0.000000000000000000e+00 7.180674646727299715e-01 1.154989339891542510e+00 1.472866298581603506e-01 7.866197331487998490e-01 5.981873610575988431e-01 4.996843859884059214e-01 5.040643695501386690e-01 5.019360033314977931e-01
8.370435712635571068e-01 7.097093325324316249e-01 1.122898596268998794e+00 6.924245178689064639e-01 8.126025435983802447e-01 4.298138542484324365e-01 8.198646253247258153e-01 8.352877405835550384e-01 8.737592568878514987e-01 4.193305126969592012e-01 8.591859247037307856e-01 4.046212324280402672e-01 9.590652329330972004e-01 2.182096688032298393e-01 1.078046051918502890e+00 3.745890934785456317e-01 6.268759107786625595e-01 6.996031022345370332e-01 7.147934680087736359e-01 4.101300626359591361e-01 2.784543138510636728e-01 7.180674646727299715e-01 0.000000000000000000e+00 8.375177783194733827e-01 7.317660341912489708e-01 4.736030893580013834e-01 4.359460837714175252e-01 5.391617542940505547e-01 7.202595515556762251e-01 2.492808688026594555e-01
9.607151180458226580e-01 5.414577786303680362e-01 9.210199223959095738e-01 8.442836144146698141e-01 7.987515720294070531e-01 4.141169663380266930e-01 6.072230427317280160e-02 8.721712448222099789e-01 8.549099857426268878e-01 9.011624882831559269e-01 6.422139148380310303e-01 8.926393958417431218e-01 1.225069966578431480e-01 7.306874339757178927e-01 8.851838536723435347e-01 5.702209866442203845e-01 4.116922890405205759e-01 7.986278064936277454e-01 8.123857213068680361e-01 4.283494330460276278e-01 8.291869023861825339e-01 1.154989339891542510e+00 8.375177783194733827e-01 0.000000000000000000e+00 1.052673225633979692e+00 4.031832629267290691e-01 5.715384118519238887e-01 6.560775525353221838e-01 7.214370097736051424e-01 7.926721776560866628e-01
2.172821465363675708e-01 5.411261708951125016e-01 6.142644751377409618e-01 2.233744443574307015e-01 3.573820376332054738e-01 8.544947073633293311e-01 9.991371293777975282e-01 3.046659109632189888e-01 3.624195524101078147e-01 3.125102934069698413e-01 5.509342381473111283e-01 3.271529876694004857e-01 1.133131735057277822e+00 5.537177983521028857e-01 5.840239289494389974e-01 5.647516157725254171e-01 6.415696247157431920e-01 2.765213737392976379e-01 2.696354786989543229e-01 7.819739490565476014e-01 4.552092322538738300e-01 1.472866298581603506e-01 7.317660341912489708e-01 1.052673225633979692e+00 0.000000000000000000e+00 7.082173873908764739e-01 5.210919806850011771e-01 4.001683764066621962e-01 3.688569139778465344e-01 4.918880422569702482e-01
6.789120703557018910e-01 3.378905346132459186e-01 8.032619694915571484e-01 5.341547450454109391e-01 5.594314787647931553e-01 1.834800818434336733e-01 3.692811803067553300e-01 6.184795747160602986e-01 6.268993720086301069e-01 5.066889294884258099e-01 4.981056196559651705e-01 4.967478064033895024e-01 5.158117687558830822e-01 3.305537456382333095e-01 7.586486780135396346e-01 1.691573098077530923e-01 1.933388265682460805e-01 5.033915189570629112e-01 5.203478585494369923e-01 1.184861395932464562e-01 4.260366921712335220e-01 7.866197331487998490e-01 4.736030893580013834e-01 4.031832629267290691e-01 7.082173873908764739e-01 0.000000000000000000e+00 1.887871877861698744e-01 3.166602277172931301e-01 4.590346114911884601e-01 3.897307683253783961e-01
5.129163437692897398e-01 2.738197514157760803e-01 7.088330108631003545e-01 3.618721999099520081e-01 4.226904819589568651e-01 3.401876099259488750e-01 5.281253131651971744e-01 4.690138734492632078e-01 4.901463717943556064e-01 3.300314605293783177e-01 4.267683363042768518e-01 3.221699951244680893e-01 6.738686503689074181e-01 2.314321187714653283e-01 6.632871784891248845e-01 6.990531350054510207e-02 2.159467783460176371e-01 3.405541371901008585e-01 3.579476936190225111e-01 2.662737307924973873e-01 2.826436789431543972e-01 5.981873610575988431e-01 4.359460837714175252e-01 5.715384118519238887e-01 5.210919806850011771e-01 1.887871877861698744e-01 0.000000000000000000e+00 1.459045342561272329e-01 3.207155335619863989e-01 2.596326615199414101e-01
3.677842480581347551e-01 2.117031486285179398e-01 5.844585055254528649e-01 2.186054948012724208e-01 2.830600975606356595e-01 4.828233196391217841e-01 6.048649809634895069e-01 3.243113214559484869e-01 3.492306771875436366e-01 2.964564414097701772e-01 3.308823567555590484e-01 2.951815020629512953e-01 7.440141122448580280e-01 3.212732907527608983e-01 5.393718729916079369e-01 2.113149050082683555e-01 2.505066068984959649e-01 1.946573265723601787e-01 2.120508649875766094e-01 4.089323949411530768e-01 3.179078379665217780e-01 4.996843859884059214e-01 5.391617542940505547e-01 6.560775525353221838e-01 4.001683764066621962e-01 3.166602277172931301e-01 1.459045342561272329e-01 0.000000000000000000e+00 1.840299320771452973e-01 3.155037148464180374e-01
2.394108332958904684e-01 1.825702067509294146e-01 4.028708351468445192e-01 1.460067384487807596e-01 1.024746768318012535e-01 6.387132098337419128e-01 6.634992857251071907e-01 1.607305874629772757e-01 1.704215366999829728e-01 4.149082652830476947e-01 1.960716149510011164e-01 4.195316320489250184e-01 7.862509337198830828e-01 5.020675882284415525e-01 3.583322856690666081e-01 3.897861615924779755e-01 3.196162626527763728e-01 9.257007784507088888e-02 9.993803916130743203e-02 5.667278140013757293e-01 4.798840262392286005e-01 5.040643695501386690e-01 7.202595515556762251e-01 7.214370097736051424e-01 3.688569139778465344e-01 4.590346114911884601e-01 3.207155335619863989e-01 1.840299320771452973e-01 0.000000000000000000e+00 4.865173085777089734e-01
5.878259848341337301e-01 5.129929919979459019e-01 8.881938109610671983e-01 4.445661884781638706e-01 5.727762028826093310e-01 4.499621476538407383e-01 7.583862413875807063e-01 5.896732906366544125e-01 6.310880419366663441e-01 1.864324588503305791e-01 6.461129530539960752e-01 1.714335075725874347e-01 9.051903984689743110e-01 7.621291470573103577e-02 8.442067941462385594e-01 2.288519643628403044e-01 4.753561918170928213e-01 4.553438276903502557e-01 4.697729210828555657e-01 3.933576373183075847e-01 4.548862067517560337e-02 5.019360033314977931e-01 2.492808688026594555e-01 7.926721776560866628e-01 4.918880422569702482e-01 3.897307683253783961e-01 2.596326615199414101e-01 3.155037148464180374e-01 4.865173085777089734e-01 0.000000000000000000e+00
