0.000000000000000000e+00 8.709915752307665349e-01 1.013047429609867656e-01 8.262684545800547120e-01 3.252353398345045332e-01 7.416809175577301350e-01 6.529980683259856145e-01 1.033395261288175160e+00 6.788800243426952319e-01 4.550757657579210802e-01 6.603740039179272214e-01 6.645059155213616231e-01 3.813098647574048039e-01 3.678657944701893001e-01 5.751212264540587205e-01 1.146230567554352042e+00 4.093256071477471281e-01 9.504436327131113860e-01 2.375273517155142566e-01 7.838446149517545036e-01 5.257566101743645914e-01 6.467485960151252433e-01 7.844133135423277947e-01 2.506582515413620649e-01 9.210094590028198303e-01 8.041813833147521962e-01 6.185107694471302375e-01 1.001676397528223905e+00 4.106888121769814437e-01 8.598965441771139195e-01 4.236272211979119073e-01 4.782749027624256799e-01 6.853801061987450094e-01 5.055231876848699235e-01 6.496184274747145437e-01 3.295684415479022134e-01 8.596224300337437230e-01 9.958171994896634072e-01 7.217856457494866707e-01 3.721074405683598707e-01 8.516839833720004638e-01 1.358811200312944334e-01 1.733370939470574301e-01 2.850083626114747193e-01 7.143082478681814784e-01 7.411810391684595656e-01 8.151318718615738756e-01 6.334305347669005881e-01 9.230883601228867530e-01 1.525491915136875376e-01 2.529897461798004121e-01 5.587749172783471607e-01 7.368359552715324501e-01 8.461278460136286705e-01 6.334590959830729284e-01 6.250227717258521887e-01 8.319795053862538703e-01 7.602012323599599553e-01 2.349812046702028090e-01 3.640035174220501712e-01 4.031834056782023223e-01 1.062283671670908036e-01 4.275352088386599747e-01 6.786207459745310366e-01 2.904172199519342024e-01 8.094678494718443584e-01 6.973700214981526369e-01 5.890888209184705904e-01 9.034130112478435670e-01 6.151841696381703528e-01 6.006786507598609326e-01 5.885198669506634950e-01 8.446765440565086047e-01 1.793693974411620651e-01 7.700847574999495349e-01 3.794041797351833667e-01 6.018311542770744538e-01 9.099902405011556228e-01 8.871310345914926732e-01 9.289118309013685293e-01 7.015753677025815538e-01 5.745136985591697831e-01 5.538222945052551083e-01 1.070860484345046437e-01 1.736272386631226017e-01 5.839020595812169923e-01 8.059614474737404333e-01 3.308421301331714859e-01 3.766443165248390956e-01 1.050977261226332393e+00 5.242309934252624704e-01 1.005592414782167099e+00 8.289564031583274151e-01 4.860535740543328598e-02 4.796351501477811863e-01 1.004174839774629291e+00 6.883282355050304169e-01 2.728139634415785997e-01 5.384560856962964520e-02 8.455509494242144930e-01
8.709915752307665349e-01 0.000000000000000000e+00 9.447618591445255953e-01 6.814843685313612398e-02 6.947791178025548575e-01 1.103198158913579530e+00 9.915877582711597471e-01 6.825974095352731474e-01 2.567206505276503070e-01 5.460886521372299018e-01 1.000378737805099227e+00 2.750920075453250346e-01 6.200855155788966844e-01 8.552017284334733072e-01 4.375472008888379172e-01 6.866442865072182045e-01 9.217595949574256542e-01 7.580681538475394499e-01 8.183646846299471589e-01 6.995711732082865453e-01 3.526775215775609928e-01 1.027323630523087949e+00 9.766156931743604774e-01 6.264158667709142092e-01 5.275436376653374060e-01 6.763021610943883988e-02 3.575720905284338613e-01 7.181926367451151316e-01 5.677814026854750562e-01 9.902491414801349867e-01 4.915381984992122089e-01 8.254313838349213173e-01 2.746638178350157555e-01 6.347986217796334207e-01 3.038408049759199203e-01 5.732030159762517840e-01 6.563317809953397308e-01 3.823912636332613690e-01 5.628907952293840111e-01 8.452746455354671617e-01 2.152729715741523442e-01 8.329841217382109031e-01 9.812902777447822800e-01 8.086439527182537335e-01 9.228496634418309474e-01 6.245874545673940625e-01 4.108148001098237412e-01 7.817186885467750646e-01 4.937524350529790551e-01 7.251692462792337368e-01 6.205557951522217008e-01 5.960413557214410130e-01 1.371957008009965784e-01 6.619028009003506963e-01 6.404160806678439455e-01 2.650322901971787215e-01 2.451372284505764221e-01 4.728293190467148799e-01 7.262729507298334442e-01 8.316685491695597898e-01 4.779057750511352953e-01 7.918945265147796508e-01 9.921793093576102285e-01 8.373500383018234183e-01 8.781142518741258396e-01 2.689491113211932571e-01 2.353464720045574110e-01 4.083972655204958779e-01 8.851533942087853601e-01 3.020667783059005074e-01 6.985099504431954154e-01 1.073194483531577204e+00 9.864260314656877471e-01 7.741978413048083985e-01 3.466708841897177540e-01 5.226701155858876069e-01 2.712347597988711279e-01 8.800256462951442371e-01 8.001747308647485513e-01 2.576016238332615726e-01 4.783170264875733491e-01 5.744810089550176357e-01 3.182198367748809154e-01 9.738396493459448022e-01 7.046696131048636458e-01 7.282505183726174502e-01 1.890067836861176742e-01 5.535670081757517735e-01 5.776464345664539257e-01 5.699390236715784486e-01 7.972073548797738995e-01 8.075189826761138834e-01 8.371587043895692970e-01 9.126363369741052889e-01 6.932559319822807486e-01 8.211816914271631296e-01 3.772708950961956020e-01 8.340575898495861118e-01 8.465134458350325186e-01 6.514897726489810026e-02
1.013047429609867656e-01 9.447618591445255953e-01 0.000000000000000000e+00 8.960286076818619883e-01 4.264859559987905779e-01 8.214261490437388957e-01 7.389118891438227754e-01 1.134402922474750053e+00 7.372846415818271604e-01 5.542991278602489302e-01 7.458126984854613895e-01 7.216101840541572221e-01 4.820247986052241251e-01 4.585461504639066765e-01 6.716299277356998498e-01 1.246437782966069330e+00 4.928097753416796345e-01 1.051582653640695142e+00 3.326685896368186124e-01 8.849116699379032669e-01 6.074540794035397928e-01 7.289531614610482713e-01 8.761770071714463093e-01 3.388079475511870942e-01 1.020510290299280864e+00 8.789868634340797238e-01 7.111943299892359294e-01 1.102964849034796968e+00 5.098314264805243745e-01 9.531454092179055815e-01 4.756723392749461210e-01 5.729258675947297430e-01 7.404490584313174750e-01 6.068241189100486155e-01 7.037476360583165835e-01 4.233934117050442425e-01 9.609151381054085173e-01 1.089709664979110704e+00 8.226854527277601692e-01 4.639072039085272436e-01 9.398012778479729601e-01 1.308735996815915126e-01 2.157785717982000917e-01 3.805802787132404608e-01 8.073186084074044366e-01 8.424768655951075935e-01 9.122328624892425131e-01 7.318810680795734269e-01 1.021784310694120901e+00 2.455818757199034474e-01 3.249030442198302393e-01 6.599755856009070776e-01 8.086659545507397517e-01 9.474321197788762028e-01 7.347255409004930238e-01 6.905238318730763103e-01 9.217697075231198189e-01 8.593199517046750113e-01 3.362858331757982433e-01 4.571156700133762740e-01 4.687428224314669767e-01 2.072474571738742444e-01 5.012242103980478758e-01 7.753521274767657401e-01 3.768406740460625293e-01 9.004954707064392050e-01 7.835808215207962224e-01 6.842433485456895781e-01 1.001886655985468222e+00 6.742233040694557422e-01 7.012660264834678081e-01 6.616404929065673457e-01 9.376878361162469533e-01 1.937841034796767004e-01 8.647644764295425723e-01 4.344947491887774516e-01 6.796002842683571687e-01 1.008708097365340617e+00 9.874045691865427354e-01 1.018336599422740019e+00 8.008615265820425710e-01 6.755168898240986319e-01 6.265753278962303829e-01 5.138253211689577243e-02 2.403241671420567327e-01 6.837684175300124956e-01 8.923298406262523130e-01 4.197918557360548197e-01 4.751261986489749845e-01 1.150029740924731092e+00 6.210537571728235173e-01 1.106567766254342278e+00 9.277852403286779293e-01 5.527384254179634054e-02 5.803078613242332873e-01 1.105001500613132182e+00 7.838087636861034158e-01 3.655588533323961276e-01 9.997647542900936490e-02 9.238689881746134924e-01
8.262684545800547120e-01 6.814843685313612398e-02 8.960286076818619883e-01 0.000000000000000000e+00 6.716687150951184959e-01 1.104570437062803778e+00 9.911575954523528242e-01 7.280192338067978941e-01 1.904829760349832646e-01 5.313393004687787524e-01 1.000159037878548984e+00 2.090162921804689655e-01 5.999741298203163931e-01 8.364927828769235241e-01 4.344521263333107064e-01 7.410452740216498801e-01 9.047330484967052167e-01 7.926206172854493026e-01 7.898071805883380980e-01 7.212729883119486374e-01 3.200314046187610062e-01 1.024847710847561322e+00 9.873741912060352011e-01 5.864517600162033606e-01 5.697563725079886066e-01 6.358895170703252053e-02 3.560769325122976614e-01 7.591118000802761223e-01 5.482124023543243352e-01 1.006454546428176000e+00 4.343504375088317326e-01 8.162198578467158017e-01 2.071637300313050878e-01 6.292440096569722474e-01 2.374215289297481324e-01 5.409846521004072484e-01 6.869484430908493477e-01 4.398113716436072296e-01 5.818348879542637464e-01 8.270569666978385692e-01 2.604273010515314457e-01 7.807936105626823720e-01 9.444285266488408048e-01 7.837909913570696441e-01 9.301993865683524376e-01 6.442988647622769349e-01 4.446414864780509624e-01 7.869760344311983458e-01 5.377065175357329530e-01 6.838474210343885584e-01 5.739184856209652574e-01 5.960481128998165179e-01 9.149671800171699232e-02 6.909892262178261024e-01 6.485093810306153950e-01 2.080128086254615649e-01 2.854119294365769499e-01 4.979885014774121377e-01 6.953986630766625376e-01 8.129875540258314492e-01 4.273563213361393776e-01 7.520208585468238782e-01 9.741473139840108875e-01 8.448798637205355844e-01 8.530976629133648625e-01 3.043190336596022783e-01 2.383164460705233523e-01 4.056272779567393072e-01 9.098259784069402389e-01 2.396360787728314956e-01 7.024873779378112415e-01 1.064057302283842432e+00 1.001589125500708333e+00 7.207245918190814393e-01 3.744720074750596539e-01 4.680808609626635475e-01 2.367407535802953100e-01 9.054830658452684977e-01 8.272960864492633348e-01 3.141868249710832450e-01 4.956352364337456851e-01 5.761186436306060532e-01 2.729064163154165112e-01 9.272730003633449236e-01 6.570240655282132414e-01 7.301441669704836768e-01 2.228840036626938692e-01 5.174695722331716929e-01 5.539436443853934522e-01 6.226105401194435007e-01 7.924638662576594106e-01 8.444177294288300883e-01 8.576571236282547472e-01 8.663785933763207270e-01 6.854142487927958882e-01 8.572938576900236418e-01 3.911579821395845258e-01 8.082001343275951877e-01 7.989569482579945703e-01 1.107143884670126893e-01
3.252353398345045332e-01 6.947791178025548575e-01 4.264859559987905779e-01 6.716687150951184959e-01 0.000000000000000000e+00 5.264771669411139055e-01 4.153345757449770081e-01 7.114361510270021949e-01 5.901500460553953387e-01 1.641581680017564493e-01 4.244752944242348724e-01 5.832926182584584618e-01 7.917092804528982897e-02 1.707498683206365442e-01 2.967261249874764695e-01 8.292219098307626046e-01 2.417547304575845823e-01 6.253361128656510504e-01 1.368682980417555428e-01 4.589567961873207702e-01 3.552869533904958188e-01 4.294329204934596578e-01 5.065421318773370984e-01 1.957368474701456917e-01 6.096090855682521070e-01 6.286930951953074720e-01 3.638506882765431549e-01 6.772025174288821558e-01 1.298698042196325952e-01 5.719435834852792944e-01 4.211142751783679694e-01 2.090491068203781111e-01 6.091587741958195412e-01 1.806432363096447669e-01 5.827266270650374169e-01 1.552215082333294749e-01 5.351416765041713264e-01 7.153028129006505642e-01 4.017398179298540817e-01 1.633314196678183616e-01 6.069256007843736311e-01 4.055270808114676551e-01 3.340859150289156032e-01 1.148795799807825341e-01 4.330885225570846320e-01 4.167158216833902196e-01 5.205925750213752368e-01 3.237223207584901674e-01 6.166891360417368073e-01 2.121304405519634229e-01 2.725014646647883065e-01 2.364448149351353057e-01 5.819905183675149196e-01 5.213289144070252235e-01 3.082442021169008450e-01 5.148644355816287543e-01 5.792799119306697442e-01 4.535148868671246003e-01 9.079022767373182146e-02 1.483435698708120420e-01 3.548314673441183564e-01 2.205982416149032954e-01 3.069350292262732482e-01 3.778425210617858965e-01 1.839808851462895745e-01 5.510797107426942398e-01 4.742017641958350405e-01 3.198625338224158066e-01 5.894825029656655113e-01 5.344556004612454059e-01 2.783797757223529512e-01 4.257809280953425146e-01 5.583363053510010943e-01 3.974252531470063854e-01 4.921464019566463288e-01 3.834706159510979928e-01 4.372084931762864057e-01 5.948785489497346868e-01 5.651770130665165759e-01 6.738316311109597834e-01 3.949202634619645713e-01 2.547120531548749400e-01 4.241114302254213597e-01 4.210118576214637587e-01 2.897415292265843045e-01 2.662875819278601730e-01 5.731360972143113575e-01 1.956630279287663865e-01 1.177254718906176612e-01 7.412344620140857154e-01 2.316855865251579161e-01 6.808919584873498465e-01 5.139849262386754214e-01 3.722415209188990604e-01 1.580510063707973867e-01 6.799399896767807094e-01 4.092980670471194071e-01 1.417694722732590340e-01 3.465419527256262677e-01 6.501633358496972104e-01
7.416809175577301350e-01 1.103198158913579530e+00 8.214261490437388957e-01 1.104570437062803778e+00 5.264771669411139055e-01 0.000000000000000000e+00 1.159219055953901456e-01 7.311688085908220058e-01 1.078123439068567446e+00 5.946727380706179344e-01 1.065366522269036303e-01 1.075615292127347855e+00 5.590524583757495725e-01 3.861340097920381020e-01 6.702360780416801722e-01 8.681721580221889445e-01 3.329641010007066138e-01 5.720150723648104174e-01 5.183325951891475381e-01 4.763656867755551860e-01 8.299130779373857791e-01 9.834000146629685857e-02 1.886831018284850781e-01 7.198440662969517456e-01 7.444053777242953807e-01 1.047491416092819039e+00 7.486298266882055463e-01 6.638841836776550043e-01 5.981434044603632927e-01 2.534806550584343676e-01 9.458574220186588555e-01 3.196118107644626005e-01 1.101643109924955510e+00 4.798327348444701990e-01 1.081537278146488701e+00 6.764040118863425821e-01 5.762018452588154593e-01 9.401365028104905486e-01 5.709560555351039790e-01 3.863167420540491448e-01 9.366595847114040918e-01 8.670297356154618162e-01 6.174232450788190718e-01 4.786186456223202601e-01 1.984768195371321431e-01 5.222151111564641290e-01 7.572437357657405554e-01 3.241313803445263209e-01 7.747719193895318268e-01 7.052884751513347483e-01 7.952534208591189868e-01 5.085480393942320987e-01 1.026936153756998982e+00 5.596862863389843179e-01 4.672942243016008912e-01 9.994911620033625210e-01 9.010169791406670292e-01 6.717284726453591759e-01 5.827289022206662006e-01 3.991097612439633013e-01 8.768294501249997985e-01 6.729011526400520138e-01 3.223971844801614695e-01 2.770313534677141254e-01 4.524836815416412583e-01 8.691275750586879845e-01 8.690713857703382672e-01 6.989624719548378495e-01 4.037165241321752918e-01 1.031460422336469396e+00 4.050876054863344344e-01 1.714362823312136352e-01 2.402034269941328848e-01 8.834392211088196722e-01 7.853939900087533177e-01 9.095728717417949083e-01 8.988041995650304372e-01 4.157522719953469781e-01 4.675639668738292842e-01 9.691313642275629636e-01 6.413855962688220780e-01 5.290772896708857420e-01 9.105156682633869236e-01 7.867589324995711841e-01 7.930138378671155452e-01 3.750201850086237187e-01 9.303598382328411853e-01 7.182260591647423587e-01 6.140180212387973402e-01 8.476991162189622120e-01 3.204807764544677084e-01 5.900395460877738696e-01 3.761991768824406446e-01 7.712040166735650848e-01 4.313393540374235724e-01 5.763327162171774098e-01 7.306184627078553540e-01 4.793683528853290299e-01 7.875315786116395822e-01 1.043497871291855672e+00
6.529980683259856145e-01 9.915877582711597471e-01 7.389118891438227754e-01 9.911575954523528242e-01 4.153345757449770081e-01 1.159219055953901456e-01 0.000000000000000000e+00 6.660910817424986474e-01 9.622395856070830034e-01 4.787623743120570929e-01 9.417718214060720808e-03 9.596966500961982005e-01 4.442144713757320007e-01 2.876939185419520317e-01 5.567143404763816861e-01 8.043387196624581792e-01 2.464049020799440326e-01 5.137130402560102782e-01 4.214946904665847760e-01 3.940085510124035073e-01 7.140349951523123906e-01 4.608104231740554890e-02 1.627331589536746836e-01 6.102387877912006653e-01 6.590685000731675292e-01 9.348013491637896522e-01 6.356607633714244088e-01 6.023898860053262805e-01 4.824950595224368199e-01 2.446185557976120750e-01 8.325883983716528824e-01 2.066567338342372162e-01 9.857267174746984217e-01 3.645847402732637632e-01 9.656396432514676720e-01 5.629322225944013436e-01 4.981317020963955122e-01 8.470166980424441716e-01 4.718635300680295019e-01 2.858161243597079348e-01 8.307775129852366103e-01 7.728487653599802609e-01 5.456049995803572417e-01 3.784878397435719743e-01 1.273283858458433004e-01 4.286166449477806784e-01 6.579932599653908198e-01 2.198776348450265927e-01 6.869211110607483795e-01 6.025840883033218853e-01 6.863736944417159203e-01 3.957476336169991060e-01 9.125160101274992774e-01 4.808955607041320857e-01 3.613726578411063373e-01 8.836143295710381373e-01 7.954340283708737358e-01 5.716812798878984081e-01 4.772163183878206927e-01 2.971175682239814431e-01 7.628820770174443711e-01 5.760858875665947343e-01 2.575377630198767975e-01 1.844345404346763029e-01 3.629151498806172937e-01 7.634054520039268432e-01 7.568040572039190783e-01 5.856092511932624589e-01 3.655634084860796551e-01 9.155572288337380238e-01 2.960676245662929862e-01 1.528208613769454494e-01 2.285108211157623193e-01 7.844341255209809072e-01 6.805403874481593673e-01 7.971570907889078406e-01 7.833048335077917868e-01 3.769371807886152115e-01 4.110310401345097508e-01 8.674959181684603893e-01 5.369106391222192576e-01 4.171268797711470966e-01 7.945958838054867357e-01 7.086007101043053646e-01 6.894001134387547358e-01 2.639831470597860386e-01 8.217461362455584784e-01 6.048301971864969984e-01 4.990630084992983551e-01 7.707138306639681469e-01 2.045602254309194512e-01 5.420443752243111479e-01 3.190332790896573956e-01 6.865168688675302722e-01 3.154263903068522112e-01 5.306330470197948568e-01 6.218715423533950348e-01 3.832652534576990733e-01 6.957551270302425594e-01 9.327607625976209738e-01
1.033395261288175160e+00 6.825974095352731474e-01 1.134402922474750053e+00 7.280192338067978941e-01 7.114361510270021949e-01 7.311688085908220058e-01 6.660910817424986474e-01 0.000000000000000000e+00 8.345667393866634809e-01 5.866910449623478074e-01 6.702079081270743144e-01 8.452117031895680643e-01 6.525972605499453794e-01 7.588771268089661293e-01 4.982736573590074713e-01 1.382523636233809194e-01 7.849104337953871635e-01 1.619324275603022945e-01 8.324898942831198134e-01 2.849878632565389647e-01 6.723237991273472991e-01 7.120988366263176772e-01 5.443567593089031487e-01 8.264575702435739135e-01 1.613909290704071686e-01 6.669571448935267544e-01 5.072873327096951712e-01 7.009437551948793921e-02 6.303822596833984493e-01 5.012457475888357772e-01 9.012710701891768483e-01 6.482407326556436367e-01 8.629659329108396726e-01 5.318421322257725903e-01 8.688294846723114695e-01 7.343173971955276880e-01 1.839316112280078852e-01 3.287086683576581070e-01 3.118873982266072153e-01 7.479608539716011695e-01 4.683738379796825169e-01 1.088062785729171589e+00 1.030847714968084139e+00 7.904168436610188309e-01 5.415687538790578959e-01 2.978868267533078540e-01 3.008244666001821388e-01 4.830538945047213595e-01 1.905291658980392822e-01 8.979344328055228752e-01 8.834551319754065934e-01 4.752044041099676708e-01 7.044795956088164557e-01 2.006412484786903316e-01 4.096886009835910558e-01 7.770642659659000584e-01 4.428560508867663836e-01 3.004517212086827982e-01 7.994369530168193849e-01 7.442755434634140688e-01 8.359873677635921707e-01 9.272030388835967862e-01 8.435894091934503791e-01 4.882686575410087881e-01 8.359150326773716611e-01 4.274723545431963201e-01 5.441511164888254148e-01 5.012035204909520703e-01 3.430438408643176618e-01 8.307300808315722929e-01 4.628744042798175751e-01 8.127642051247297994e-01 5.084379966701498832e-01 1.058433991656480888e+00 3.785767584095098282e-01 8.967355908189525993e-01 6.732951525579539132e-01 3.317605247372760746e-01 2.647387334889649280e-01 4.345624532728563638e-01 3.507399850838787136e-01 4.588891883953448714e-01 7.334593135686660048e-01 1.132216067286740291e+00 9.469106968096943078e-01 4.934900043981478301e-01 5.069394677102445623e-01 7.571752415393394609e-01 6.669010535664953165e-01 1.477388819230477102e-01 5.893657486273222723e-01 1.701856514064289672e-01 3.549915023328270025e-01 1.081422999295444276e+00 5.718871166630192793e-01 1.876704088528601544e-01 4.197206758172644103e-01 8.158973880075924834e-01 1.046166971414981051e+00 6.207363987926950433e-01
6.788800243426952319e-01 2.567206505276503070e-01 7.372846415818271604e-01 1.904829760349832646e-01 5.901500460553953387e-01 1.078123439068567446e+00 9.622395856070830034e-01 8.345667393866634809e-01 0.000000000000000000e+00 4.835390718987537806e-01 9.716042247015863609e-01 1.860431131795570181e-02 5.312987612458255349e-01 7.608698687931536586e-01 4.302751029045980835e-01 8.730092075738277169e-01 8.317749271052543580e-01 8.670152993929517438e-01 6.879410964564198760e-01 7.629008939201127326e-01 2.482134007828022126e-01 9.894004700872668367e-01 9.898407608781877309e-01 4.597658830677841535e-01 6.732585481368390523e-01 2.134792823072872159e-01 3.684951573711949258e-01 8.522076374948169830e-01 4.849097163757133400e-01 1.023726031387182767e+00 2.625831355532517453e-01 7.680314810920814139e-01 2.863099209740638598e-02 6.003910352413632801e-01 4.713861064040620469e-02 4.404347411546898905e-01 7.543106444680345302e-01 5.884134099536519891e-01 6.233631752312783769e-01 7.531278455113677994e-01 3.950107102157814909e-01 6.148570440845345653e-01 8.159158789399104661e-01 6.926009339029225442e-01 9.246637145526699353e-01 6.841972860795101363e-01 5.346276843703022807e-01 7.804397358908090609e-01 6.472602825431171825e-01 5.492701047202769304e-01 4.279821415999746637e-01 5.849989533740036496e-01 1.436144391441273871e-01 7.540302802411790184e-01 6.564897357507909481e-01 7.866005836793003858e-02 4.069854312668046981e-01 5.618529376801203457e-01 5.903692416140964294e-01 7.382303243862898823e-01 2.772941288819686934e-01 6.194875251837196339e-01 8.966116071533554166e-01 8.425254943795068563e-01 7.592571020297584905e-01 4.130690047878154969e-01 2.915754808459367631e-01 4.063573959766826338e-01 9.532913718536593084e-01 6.370904032453500454e-02 6.961718179054545708e-01 1.009195823084975574e+00 1.016050954307684773e+00 5.524012765339532116e-01 4.570060772271996030e-01 3.028006428768852398e-01 1.874583835701033596e-01 9.512634151889455270e-01 8.799835364173757002e-01 4.669595046546615724e-01 5.394031224252049395e-01 5.710387688225383451e-01 1.686129890194824343e-01 7.736045297663497466e-01 5.054308310856019393e-01 7.166856376429129316e-01 3.430122276604924969e-01 4.067822176810168000e-01 4.779847458627761725e-01 7.523768210389746303e-01 7.577370306197068750e-01 9.239150244373719456e-01 8.909817253716321162e-01 7.143205848545252090e-01 6.468504291689882724e-01 9.342456463490025342e-01 4.376469215226664322e-01 7.133585022219857130e-01 6.445807626848570893e-01 2.762504363954703668e-01
4.550757657579210802e-01 5.460886521372299018e-01 5.542991278602489302e-01 5.313393004687787524e-01 1.641581680017564493e-01 5.946727380706179344e-01 4.787623743120570929e-01 5.866910449623478074e-01 4.835390718987537806e-01 0.000000000000000000e+00 4.881381436076498992e-01 4.809632126113237982e-01 8.531954687947081173e-02 3.101513861790085036e-01 1.326296236534834638e-01 6.930385398414050657e-01 3.757247115958949890e-01 5.293216580654643844e-01 3.006509494119314896e-01 3.733180978568447772e-01 2.354133138119836877e-01 5.062027084877072092e-01 5.206679145066507308e-01 2.415061764928689292e-01 4.662223210658251737e-01 4.822771389525865593e-01 2.016344528830963934e-01 5.638882813823240525e-01 4.447723104294924734e-02 5.680479949582688537e-01 3.858585527491446565e-01 2.877545373000311435e-01 5.069780005050770200e-01 1.227769682686870728e-01 4.875402757390659425e-01 1.508758262457132460e-01 4.248981512632473700e-01 5.539960488879025480e-01 2.767378907238173258e-01 2.998863750090745017e-01 4.434987017654119512e-01 5.013926999785097705e-01 4.942712530858952569e-01 2.770788185503733625e-01 4.509805038686159895e-01 3.109859335889181287e-01 3.634934828847329880e-01 3.116017682982378245e-01 4.681148022430245415e-01 3.125147680501188518e-01 3.057109028003615614e-01 1.361351758310232751e-01 4.457107741652949762e-01 4.143454367889653489e-01 2.243241802927534723e-01 4.049533601776253433e-01 4.153236384624575117e-01 3.051303545273904572e-01 2.321416432196574120e-01 2.867126281517249908e-01 3.120783617857288417e-01 3.498330330591596371e-01 4.463721884154400188e-01 3.744895002291293573e-01 3.444913665572660322e-01 3.869477915834790838e-01 3.172406170297499828e-01 1.559639114811353922e-01 5.401219080537905670e-01 4.374019859638551555e-01 2.343731999480498096e-01 5.342131663682092579e-01 5.575741121405912715e-01 4.739807797512839982e-01 3.292486723154414707e-01 3.619233258480140658e-01 3.080558571063816142e-01 5.423698569602265485e-01 4.927630077476833348e-01 5.096788015631129598e-01 2.465719759894430818e-01 1.394013145838111367e-01 3.158850531254434046e-01 5.589928770279334325e-01 3.614945351880437530e-01 2.450119645700730153e-01 4.117175579184021994e-01 1.817568964543156695e-01 8.032873781419572201e-02 5.959057658753503794e-01 2.742188693714637804e-01 5.885773085691485829e-01 4.667711442535121269e-01 5.036769658715258835e-01 1.633366524091318661e-01 5.914007125515586827e-01 2.460648139739040896e-01 3.047154389089891668e-01 4.619806833471567509e-01 4.966159819747204551e-01
6.603740039179272214e-01 1.000378737805099227e+00 7.458126984854613895e-01 1.000159037878548984e+00 4.244752944242348724e-01 1.065366522269036303e-01 9.417718214060720808e-03 6.702079081270743144e-01 9.716042247015863609e-01 4.881381436076498992e-01 0.000000000000000000e+00 9.690786400949670254e-01 4.536069347517612815e-01 2.956393326811063704e-01 5.657084605201132543e-01 8.084331305481312624e-01 2.531007098693489055e-01 5.170386793407604209e-01 4.294329666300493731e-01 3.994916459811121978e-01 7.233972839533076016e-01 4.234025835943445309e-02 1.611795790254955674e-01 6.192908913706389740e-01 6.651030376587370174e-01 9.437145543366250999e-01 6.445912307454861878e-01 6.061184269835192540e-01 4.919127334612196090e-01 2.425579926627677851e-01 8.419028314050236439e-01 2.158887982759689905e-01 9.951067418174712742e-01 3.738130816888126651e-01 9.750417005830008810e-01 5.722507885779282155e-01 5.033256571133949420e-01 8.538849848775389439e-01 4.791882813363868010e-01 2.939539240226814454e-01 8.389334961492126430e-01 7.807161228740895353e-01 5.514798322345478843e-01 3.866837188585064977e-01 1.300390835085235564e-01 4.353193866622160901e-01 6.654209597478678573e-01 2.275204961023863659e-01 6.932159138276328125e-01 6.110962980962446611e-01 6.953800224245089145e-01 4.046265094152087238e-01 9.216424085333819738e-01 4.861405344634213699e-01 3.693903544590416699e-01 8.929764653996813406e-01 8.035533931535621122e-01 5.791597398257868345e-01 4.859215926576925249e-01 3.054085181194737264e-01 7.722343355790528552e-01 5.841065000186409506e-01 2.621546457227000304e-01 1.904619386935685332e-01 3.701435389068460369e-01 7.715345520884089314e-01 7.656582448861597445e-01 5.945840702919150678e-01 3.667098183210519280e-01 9.249578672284404224e-01 3.044189150288937884e-01 1.518794284470517397e-01 2.265458776861324075e-01 7.926905986790856451e-01 6.885614828475334903e-01 8.064174697597211727e-01 7.925866276496127405e-01 3.781803650267737682e-01 4.140047428782496763e-01 8.752179334875820338e-01 5.448507304457896883e-01 4.259005304734723718e-01 8.039791308005719284e-01 7.151259451391727140e-01 6.980031675112929879e-01 2.725774054953140624e-01 8.301934361104366111e-01 6.141457477664035158e-01 5.084619047074703246e-01 7.760067536393493448e-01 2.139449251928693119e-01 5.444676398665044825e-01 3.217990273005570945e-01 6.935752401250245835e-01 3.248036139946014478e-01 5.328329231083170914e-01 6.303064476193588339e-01 3.911067384138451342e-01 7.034036870338561398e-01 9.414505670954180783e-01
6.645059155213616231e-01 2.750920075453250346e-01 7.216101840541572221e-01 2.090162921804689655e-01 5.832926182584584618e-01 1.075615292127347855e+00 9.596966500961982005e-01 8.452117031895680643e-01 1.860431131795570181e-02 4.809632126113237982e-01 9.690786400949670254e-01 0.000000000000000000e+00 5.261445704817628854e-01 7.540380715108592202e-01 4.326963145037628355e-01 8.858726276969296487e-01 8.250397384627574660e-01 8.746528579161519934e-01 6.785212282168794351e-01 7.677622279282454443e-01 2.463176075534712628e-01 9.861505632747136207e-01 9.903469175089125720e-01 4.483995005463005112e-01 6.840403444807573452e-01 2.308170285884518225e-01 3.732992801280833883e-01 8.615963922592859703e-01 4.806483223398315685e-01 1.025610390679302153e+00 2.463514457246862299e-01 7.640250422992955759e-01 2.613162459116896708e-02 5.990420857124542087e-01 2.910791427860471778e-02 4.322837470586404773e-01 7.615965748056112705e-01 6.032339551865969485e-01 6.287679313981026086e-01 7.464955153118804088e-01 4.095522835358785807e-01 5.985357874241348242e-01 8.033641125703185892e-01 6.843175258771948544e-01 9.245228341872383515e-01 6.891803698371605780e-01 5.448233225935681379e-01 7.805895974996976960e-01 6.586498796193650529e-01 5.366245530811389886e-01 4.144246658131101047e-01 5.855343243785756657e-01 1.595822506208272595e-01 7.609189290473669098e-01 6.585383665814574794e-01 7.866641315789717204e-02 4.205087975653282739e-01 5.696194152414147949e-01 5.809236052271224970e-01 7.315544629577952485e-01 2.641438237907920983e-01 6.068785135927283747e-01 8.892628859219923187e-01 8.429035222873163535e-01 7.505069623405667967e-01 4.255855770379471381e-01 3.013779513259234322e-01 4.095320729813217708e-01 9.578342992952258994e-01 5.088741900025029602e-02 6.966459860878096988e-01 1.003955209533068826e+00 1.017676732197547285e+00 5.358893945953827620e-01 4.670796759771969620e-01 2.872971795183248966e-01 1.906822398646827177e-01 9.560309177683143922e-01 8.855629108486274825e-01 4.824556354420395099e-01 5.454839160344667759e-01 5.722500766844640374e-01 1.651057451883090055e-01 7.584321081107970874e-01 4.909329406215194314e-01 7.163700975902687063e-01 3.569885469168833092e-01 3.976743802822854668e-01 4.723757951508018582e-01 7.652478263739947995e-01 7.551368905013766675e-01 9.319062507662871919e-01 8.946955660742955674e-01 6.993884521262738740e-01 6.442804338282387411e-01 9.419802495199273151e-01 4.447773322805622098e-01 7.046228384789201549e-01 6.294914262957419515e-01 2.934894974768867404e-01
3.813098647574048039e-01 6.200855155788966844e-01 4.820247986052241251e-01 5.999741298203163931e-01 7.917092804528982897e-02 5.590524583757495725e-01 4.442144713757320007e-01 6.525972605499453794e-01 5.312987612458255349e-01 8.531954687947081173e-02 4.536069347517612815e-01 5.261445704817628854e-01 0.000000000000000000e+00 2.365647207727645807e-01 2.179385411914991078e-01 7.652177145241990663e-01 3.055337268304708642e-01 5.795120079746842734e-01 2.153459500926905579e-01 4.162642036426009162e-01 2.888398310954594650e-01 4.653279690244082611e-01 5.119985958375102841e-01 1.980180330681496625e-01 5.416556660024338665e-01 5.546900133249845766e-01 2.847976923774735436e-01 6.235969682756400401e-01 5.233982751178895693e-02 5.693601256488913798e-01 3.910452760238569136e-01 2.407628523094166306e-01 5.522488590958082311e-01 1.368548318929056484e-01 5.285312163023588861e-01 1.241161055296832322e-01 4.820819442683764722e-01 6.384719687234087226e-01 3.407474608955329831e-01 2.273159234135194440e-01 5.277644751026335790e-01 4.425053925526572507e-01 4.096845454680069776e-01 1.933339002454128597e-01 4.393021887906451428e-01 3.643590387630471494e-01 4.458632820260165497e-01 3.123878549653296699e-01 5.462819049546905337e-01 2.481635242039908762e-01 2.719603969878039984e-01 1.805631273455379215e-01 5.115273683071100974e-01 4.696375213072435106e-01 2.628307784082540843e-01 4.541179073388577070e-01 5.001354108790981856e-01 3.826964584396718161e-01 1.509010130019716456e-01 2.130893140573411615e-01 3.197268749487213180e-01 2.751014447330463186e-01 3.742769221736533258e-01 3.724025907170997463e-01 2.617622501114475475e-01 4.720290524338727756e-01 3.964864504113009835e-01 2.407292392388261371e-01 5.652631120732627412e-01 4.790798633774477344e-01 2.497596437096602784e-01 4.779027029968404561e-01 5.571294689001451417e-01 4.235531347915095224e-01 4.142907661174146106e-01 3.589659657451447217e-01 3.684939825138104363e-01 5.692191738860535866e-01 5.298633488301081051e-01 5.948167113941151829e-01 3.238085286092207693e-01 1.940094318702138554e-01 3.630381598372027230e-01 4.825880108983114924e-01 3.110907403025019446e-01 2.479536275315672167e-01 4.943265032324610786e-01 1.651965323382783013e-01 5.505820361136288393e-02 6.726327014853009656e-01 2.444308357389446407e-01 6.371441429852937599e-01 4.899307475549326552e-01 4.296217783461425133e-01 1.433156183402468364e-01 6.379592130582043552e-01 3.312021347410807337e-01 2.206185713079986677e-01 3.941674544298393035e-01 5.737403045858880946e-01
3.678657944701893001e-01 8.552017284334733072e-01 4.585461504639066765e-01 8.364927828769235241e-01 1.707498683206365442e-01 3.861340097920381020e-01 2.876939185419520317e-01 7.588771268089661293e-01 7.608698687931536586e-01 3.101513861790085036e-01 2.956393326811063704e-01 7.540380715108592202e-01 2.365647207727645807e-01 0.000000000000000000e+00 4.340022864702752781e-01 8.889082269969565964e-01 7.109497836428993467e-02 6.419250845706067077e-01 1.338015785898605536e-01 4.793532997450103417e-01 5.238035565736191002e-01 2.881123466016138335e-01 4.176332108264506626e-01 3.450763050768252405e-01 6.883208332027211940e-01 7.904140452225986158e-01 5.096341778689984503e-01 7.114628677457424111e-01 2.883186517828412732e-01 4.949944858848893126e-01 5.829238283047096791e-01 1.212625953333559131e-01 7.798947974077140577e-01 2.576666216755483241e-01 7.532536487761510857e-01 3.242041736892415371e-01 5.750274614286805530e-01 8.278179689443661005e-01 4.719666669367242884e-01 1.155570427162819214e-02 7.462772437066080844e-01 4.851771646907582225e-01 2.886214040753468657e-01 9.254392853063070357e-02 3.491959200140059560e-01 4.640669540734125853e-01 6.272580435341360561e-01 2.944022880848217172e-01 7.035404392336167545e-01 3.195022475183657562e-01 4.171056409658468467e-01 3.182884756573151064e-01 7.480629306721148231e-01 5.586211596712209460e-01 3.542468514330121554e-01 6.853626741907601350e-01 7.154521480478488460e-01 5.484543741787698545e-01 2.009141327492954543e-01 2.354006686368030274e-02 5.203851316456229448e-01 2.885013172624890099e-01 1.377266287349959151e-01 3.259322989970112050e-01 8.592885538110614507e-02 6.851162134514005020e-01 6.273234073333636696e-01 4.609989032383249308e-01 5.576287853334828126e-01 7.051316060209712466e-01 2.960165632693476101e-01 2.613477377489010212e-01 4.794135509046424382e-01 4.978745409553285151e-01 6.156768769984833911e-01 5.424266344275779916e-01 6.045708984562928601e-01 5.659026898313236353e-01 5.600594511833454359e-01 8.055376112753522833e-01 4.942258370011501367e-01 3.427052831014280598e-01 5.944720200281136124e-01 4.339789978397958770e-01 4.074834273690418618e-01 2.662616152264730141e-01 7.190440643917068719e-01 3.630491957314255225e-01 2.853881090918352070e-01 8.182455792077020229e-01 1.780726098214850117e-01 6.897483157436331558e-01 4.871323408073381378e-01 4.045373187518261360e-01 1.998933815057360175e-01 6.845033965431750467e-01 5.369110427158658716e-01 9.576384724326073017e-02 4.087102058733367849e-01 8.067250537656680542e-01
5.751212264540587205e-01 4.375472008888379172e-01 6.716299277356998498e-01 4.344521263333107064e-01 2.967261249874764695e-01 6.702360780416801722e-01 5.567143404763816861e-01 4.982736573590074713e-01 4.302751029045980835e-01 1.326296236534834638e-01 5.657084605201132543e-01 4.326963145037628355e-01 2.179385411914991078e-01 4.340022864702752781e-01 0.000000000000000000e+00 5.896631556555910203e-01 4.954016607268386108e-01 4.743311637816066684e-01 4.332795966625050399e-01 3.426209663954848383e-01 1.992739873070699386e-01 5.908836093671373524e-01 5.627260666151912005e-01 3.405008353375607588e-01 3.596743226878954536e-01 3.785832847530261058e-01 8.001017289637221697e-02 4.888229393938019474e-01 1.719797756716695825e-01 5.935541906674018930e-01 4.116550223454626956e-01 3.891976412491456871e-01 4.571682779675519948e-01 1.973493491462704474e-01 4.466378115033186602e-01 2.498767116800262034e-01 3.614329819825720658e-01 4.239137589508951143e-01 2.124711538046565040e-01 4.231220893392207416e-01 3.130292158693288584e-01 6.040369930716116276e-01 6.258830710961360566e-01 4.088287469492938864e-01 5.008016136448572020e-01 2.664545171941834489e-01 2.407955291976484613e-01 3.562249928747945327e-01 3.548064295523647993e-01 4.262262623732988587e-01 3.889173364392138899e-01 1.620738321998856646e-01 3.577947486019431578e-01 3.555561982351041483e-01 2.263175263485242006e-01 3.540822129473595314e-01 2.836578692398043500e-01 1.996311888054217443e-01 3.617346340754675760e-01 4.110543778557448347e-01 3.422184906719215602e-01 4.723027757152098438e-01 5.668129707763205349e-01 4.166049893619872546e-01 4.753128861334279254e-01 2.547099257661190053e-01 2.023278281113203569e-01 2.915198243069773779e-02 5.294054715322150662e-01 3.984001689754213538e-01 2.711376782804952312e-01 6.363163190348036791e-01 5.861279674545224472e-01 5.674250505032113479e-01 1.979749226742463231e-01 4.016046530439483786e-01 2.428612556921737053e-01 5.286842794768318310e-01 4.639145721480710249e-01 3.772756504351481022e-01 1.479069224757084688e-01 1.438906864453710910e-01 2.782561717698410764e-01 6.810451496546564565e-01 4.591581429209499188e-01 2.966200428477869799e-01 2.854531875236258065e-01 2.645454527966695224e-01 2.010094631887512362e-01 4.839656472993940084e-01 3.597195554702271592e-01 5.343271375809258705e-01 4.634703793009254391e-01 6.235179528774110747e-01 2.566969868934301235e-01 5.407954438161306499e-01 1.147546980642411701e-01 4.366379106517639941e-01 5.754791369644461918e-01 3.821103482770989435e-01
1.146230567554352042e+00 6.866442865072182045e-01 1.246437782966069330e+00 7.410452740216498801e-01 8.292219098307626046e-01 8.681721580221889445e-01 8.043387196624581792e-01 1.382523636233809194e-01 8.730092075738277169e-01 6.930385398414050657e-01 8.084331305481312624e-01 8.858726276969296487e-01 7.652177145241990663e-01 8.889082269969565964e-01 5.896631556555910203e-01 0.000000000000000000e+00 9.182218949584181056e-01 2.965971099233279951e-01 9.551205555553630155e-01 4.209705137205260184e-01 7.434650408142665645e-01 8.503416299593435923e-01 6.806497706787880686e-01 9.274784814166270319e-01 2.299960551145425192e-01 6.845893980415581614e-01 5.824357007495220007e-01 2.043222216480252706e-01 7.374488472086037083e-01 6.338640597201441462e-01 9.747843077486850749e-01 7.811979749805979534e-01 9.005194288707203398e-01 6.526122499782489594e-01 9.117717732794687890e-01 8.354137402795442924e-01 3.173535193764751017e-01 3.058339413419051689e-01 4.277302179583326036e-01 8.777908364543243191e-01 4.837669533443272329e-01 1.191111801864257691e+00 1.154920944073924982e+00 9.147905043528966607e-01 6.796643941170601444e-01 4.249473812135456940e-01 3.624195662686368058e-01 6.190269218935684492e-01 2.399549798822484814e-01 1.005475030886554100e+00 9.785752998446308748e-01 5.933638618100903761e-01 7.344589975932612758e-01 3.346300206023002377e-01 5.359683599992799419e-01 8.247356217210413121e-01 4.667096123482380454e-01 3.911781004773158821e-01 9.148079731499971778e-01 8.732346763327764050e-01 9.144111681591984286e-01 1.040141045790685892e+00 9.784172070302601387e-01 6.262036816170867271e-01 9.635995629455570421e-01 4.604028841401722749e-01 5.926300689258546806e-01 5.868853563947232788e-01 4.746179318295450367e-01 8.789638570250344340e-01 5.934380262547854779e-01 9.508733476355293313e-01 6.420000973313350068e-01 1.156827321279862097e+00 4.348144241339091387e-01 9.758463334826641411e-01 7.299808606373708875e-01 4.629420031919834755e-01 4.007832672476766001e-01 4.290858654558061258e-01 4.479132863636364759e-01 5.745295762449704746e-01 7.946647530052560748e-01 1.247646506301359759e+00 1.047389294009837046e+00 6.254899880381232791e-01 5.316440379608184941e-01 8.538331459243276855e-01 7.731331294665516607e-01 1.206335554401221644e-01 7.227733166276496535e-01 2.914270840998960388e-01 4.920554130345423660e-01 1.194669636568856941e+00 6.972540138115517205e-01 3.082194933968273598e-01 4.945919099969728339e-01 9.410182012734232826e-01 1.155019173507148667e+00 6.304480024886338629e-01
