0.000000000000000000e+00 6.493170805495396269e-01 1.041441637052494679e-01 1.934794530444183813e-01 3.268565430015906159e-01 3.606485949581494932e-01 7.746674434785826013e-02 1.589802040654555992e-01 6.504247783426034824e-01 5.759073064138798825e-01
6.493170805495396269e-01 0.000000000000000000e+00 7.486161294315550885e-01 5.129831805069389183e-01 8.407204630748494889e-01 6.177783260722531367e-01 6.823747727983087152e-01 6.369513294152465699e-01 4.964212708829551235e-01 9.426805029963671867e-01
1.041441637052494679e-01 7.486161294315550885e-01 0.000000000000000000e+00 2.642773292124888096e-01 2.657452502727868926e-01 4.351645465664380485e-01 7.901009178745904693e-02 1.785201253855521752e-01 7.454103597411216864e-01 6.001253988839557740e-01
1.934794530444183813e-01 5.129831805069389183e-01 2.642773292124888096e-01 0.000000000000000000e+00 3.373944258022689713e-01 4.576351988156328598e-01 1.867865172784559658e-01 1.240666922972413488e-01 6.578558085511629905e-01 7.333475045094521860e-01
3.268565430015906159e-01 8.407204630748494889e-01 2.657452502727868926e-01 3.373944258022689713e-01 0.000000000000000000e+00 6.871741018725017192e-01 2.494976230683101648e-01 2.200200163760678007e-01 9.637484851651140216e-01 8.636298343562953672e-01
3.606485949581494932e-01 6.177783260722531367e-01 4.351645465664380485e-01 4.576351988156328598e-01 6.871741018725017192e-01 0.000000000000000000e+00 4.381071294766893387e-01 5.017366370621382243e-01 3.519730086971621374e-01 3.291891575650832680e-01
7.746674434785826013e-02 6.823747727983087152e-01 7.901009178745904693e-02 1.867865172784559658e-01 2.494976230683101648e-01 4.381071294766893387e-01 0.000000000000000000e+00 1.038580041963694800e-01 7.224217848107721274e-01 6.425040588312619372e-01
1.589802040654555992e-01 6.369513294152465699e-01 1.785201253855521752e-01 1.240666922972413488e-01 2.200200163760678007e-01 5.017366370621382243e-01 1.038580041963694800e-01 0.000000000000000000e+00 7.497850715581770853e-01 7.348654672865947424e-01
6.504247783426034824e-01 4.964212708829551235e-01 7.454103597411216864e-01 6.578558085511629905e-01 9.637484851651140216e-01 3.519730086971621374e-01 7.224217848107721274e-01 7.497850715581770853e-01 0.000000000000000000e+00 5.749830177190928815e-01
5.759073064138798825e-01 9.426805029963671867e-01 6.001253988839557740e-01 7.333475045094521860e-01 8.636298343562953672e-01 3.291891575650832680e-01 6.425040588312619372e-01 7.348654672865947424e-01 5.749830177190928815e-01 0.000000000000000000e+00
